0.000025918162002046362	0.0035784440413986333	0.07203629212743222	0.00020455501979175638	0.0010532124350545596	0.008687890811557289	0.00609639960096613	0.038825619926676165	0.41826145789677116	6.5371849412741	4.0750716541011	2.5989598870390997	2.2663890774971	0.03305503289849998	4.7190011088101	0.04938173736212263	0.0075992472163845925	-0.5671975788939	0.34332830969277267
0.000017111474336665977	0.0036918784147186518	0.07940534225168855	0.00013935213648671844	0.0007288615632655954	0.006238646604408086	0.0034342956351524393	0.03019539955510097	0.4068279863323092	0.21588475605500013	0.626244042113	-0.45119075388499996	2.177395589263	-0.2358480999799999	-1.4274211948848798	0.04853140102661106	0.004684070386149492	-1.457813475678	0.3531117198515107
0.0000170741184940028	0.0036832042017846496	0.07923085898807157	0.00013905699604364636	0.0007279251801977671	0.006228131199108527	0.003444516909329401	0.030192427901042426	0.40674337037675085	0.219293619823	0.6304823009789999	-0.448574924748	2.177502329738	-0.23234579981300008	-1.42534775390953	0.04864110994073928	0.004682983977436884	-1.455903612496	0.35492696121620637
0.000016979981727344625	0.003669129518626364	0.07891016438958523	0.00013874777529454798	0.0007263281432696931	0.006213172260523754	0.0033861531455715434	0.030186493376863337	0.40676374534836995	0.229457967386	0.6273124559609999	-0.444773823302	2.169139974599	-0.24081755823599993	-1.42473887339157	0.04884490790567544	0.0046757039191733405	-1.453595459442	0.35747838851654695
0.00001695862846602947	0.003665664076040896	0.07884177315098731	0.00013864078103298315	0.0007258757167355477	0.0062090179062181386	0.003383010185832042	0.030188790832759795	0.4067529703838417	0.23138785039300003	0.6280920553340001	-0.443919947151	2.168393749244	-0.240910738882	-1.4243412031125	0.048889305708819296	0.0046752606115757185	-1.453539436551	0.3582891360075122
0.000016927070040607292	0.0036568070864668235	0.0786714546381906	0.00013834148202657192	0.0007249791793917151	0.006199698832442556	0.0034105684739015514	0.030191046028319873	0.406640339664472	0.23440948793500005	0.6350505428790003	-0.44154345012899987	2.170638660161	-0.2345454108509999	-1.4222004711291298	0.04899836414146743	0.004675775000305807	-1.450726829499	0.36056182103186635
0.00001691280211993531	0.0036629203815342795	0.07874352074902034	0.00013863674631053397	0.0007253032342346734	0.00620496601008941	0.00330828662347499	0.030174510444874632	0.4068785667750671	0.2364188979919999	0.6185525323209999	-0.44279762187500005	2.159557570929	-0.25356290734599995	-1.42552310681199	0.04895137533800145	0.004667638635155499	-1.454717786028	0.3580046791058249
0.00001685903806729413	0.003644326050121365	0.07842072243926862	0.00013786218218736254	0.0007232553884921963	0.006182857269227251	0.0034133565783305998	0.03017952466830337	0.4065170420780205	0.23955793490999988	0.639482157772	-0.43786853144500015	2.169849899264	-0.2315747575	-1.41961068420328	0.049159552705453934	0.004673881090912153	-1.450509754265	0.36310658832519527
0.00001607492782790566	0.003563412684629958	0.07630120452108517	0.0001370471698582846	0.0007115099243565854	0.006093162544695896	0.002503671189674925	0.029991540424915367	0.40759643462267425	0.3307300525229999	0.5438660147949999	-0.40988927128100006	2.064514213272	-0.37794080888000003	-1.42512388434115	0.050570263425077616	0.0045651537888783305	-1.45551183319	0.3707607891415927
0.00002554101728146271	0.0035448528047341385	0.07128712477429526	0.0002036162857302222	0.0010496946095658198	0.008651822930692646	0.006072924421606757	0.03885272926874658	0.41842019529638064	6.5516604355989	4.0821813384499	2.6029520844509	2.2626997408209	0.030456099876400078	4.7175453640389	0.049860114473485415	0.007622797861156654	-0.5640092133921	0.3512695988976071
0.00001448791028423787	0.001951607184441087	0.036575670564731814	0.0001582989723021089	0.0006770741178851706	0.006876538592254651	0.0031366277476305203	0.038915442984566465	0.39188427037720724	4.3792245189867005	-0.2336491025109	2.2620269746717003	1.8937915329117	3.8224055291877006	0.5072733267917	0.08744508822402916	0.010475639454236102	-0.8869536493793	0.4173911634030514
0.00001616083645385493	0.0035587334294714104	0.0763213639625795	0.0001362779928092304	0.0007109890659725527	0.006082883330524544	0.0027175159541455466	0.030014812166785504	0.40707897714381186	0.3194699986480001	0.5732517551229999	-0.408890128306	2.0830630964949997	-0.33888452559999993	-1.41840656427349	0.050556399224126095	0.004580999159743388	-1.448262061923	0.37422794738398507
0.000016426600801878844	0.0034782325595442945	0.07526840727228641	0.00013155803616602896	0.0007063307404827864	0.005997491384837229	0.003846535147356368	0.030205532264241414	0.40372821309731755	0.283850806717	0.7542233089730002	2.7551625374600004	2.210302483898	3.0296273298829997	-1.370249140014051	0.05128623266147316	0.00466700961278824	-1.37875479677	0.40583720028680575
0.00001708516544539582	0.0033351444190726663	0.06647731544207473	0.00018621301563672896	0.0008871812092973954	0.007391461248537084	0.0004402299766583789	0.03421489732328712	0.4223075925362444	0.6136268862423	0.2919974704043	2.7115937661933	-0.13735070807280003	2.2887611328323	4.680316751536299	0.05580514357208855	0.005996485835401268	-0.7233811904717	0.3069794710937406
0.000025539745832575754	0.0035656540040563097	0.07179731334398869	0.0002030180861742738	0.00104530981106881	0.008625379906030697	0.005984058010168369	0.03868329082085401	0.41838521222346337	6.5454032363774	4.065103919064399	2.6007321424624004	2.2500497101514	0.015958233366100028	4.7169763560734	0.04962040116360822	0.007557142302420229	-0.5720174177626	0.3474200866695781
0.000025588489858015994	0.003555438155340597	0.07151170885740038	0.00020327544487352793	0.0010480695621043132	0.008638701884979179	0.006014828237169431	0.038774431458032915	0.41830609960184806	6.5484016008074	4.0703657779754	2.6027268291494003	2.2519010626754	0.021052843354999906	4.7182392244294	0.04974816298900183	0.0075979991210100885	-0.5643898368016	0.34853872529249547
0.000013647457297577127	0.0029928459774646444	0.06436677332350467	0.0001330981947172475	0.0006869258213594469	0.0056456824176981495	0.006088964298068858	0.03005533136302575	0.40079208651071185	0.5898202293329999	4.796898526266	-0.24216643910300006	2.919397500821	3.814723967161	-1.2487413008344	0.05985427177717707	0.004623121509514829	-1.278387284341	0.5902926520920802
0.00001403435920542873	0.003218293897333331	0.06919248809894853	0.00010396727739450869	0.0006247573415216984	0.00636042303727797	0.0064302094314400765	0.03101647673965344	0.4109199552011665	5.006802338118001	1.2102349588229995	-2.744349578237	-2.946756602102	-0.6013468992540005	-4.8489144442219	0.0554689605766948	0.0047574374603563925	-5.132013560662	0.3444933482476051
0.0000259032440352497	0.003567773255246873	0.07172532738815852	0.00020279505053754073	0.001048758905113258	0.008637054408949579	0.0060134076139499604	0.03872990710549772	0.41762491064729396	6.541615922949	4.064300465211001	2.607073232564	2.2491494195439996	0.02549301362060008	4.727193387562	0.049595056985132405	0.007608542504770696	-0.551050889478	0.3445658146922357
0.000025643965860933464	0.0035517286433540025	0.07153016463863435	0.00020149030042449585	0.0010428610152619076	0.008597318357133524	0.006027617435674457	0.03862996578028604	0.4175164852200072	6.5457588945139005	4.0740060613269	2.6098297062109	2.2586573526888998	0.03301345791769994	4.7294364283949	0.04979332633511468	0.007578107002188816	-0.5531716093081	0.34857475659443765
0.00002547621162005066	0.0035321388612630216	0.0711347454814484	0.00020055380391217954	0.001040149621840315	0.00857193513770877	0.006051715554306062	0.03863373088948441	0.41735735840026095	6.5523913893485	4.0841031596115	2.6141028286745	2.2648937970815	0.04092583770809999	4.7325831584585	0.050047812329974066	0.00758866643152498	-0.5484439093645	0.35327470737019445
0.000014543075245514254	0.003243124255682894	0.06972199012453031	0.00009965309633725613	0.0006070186718026182	0.006552735799173104	0.006438259571516604	0.031035160132959816	0.41228268581776784	-1.2851224330310003	-2.031683097383	0.40909244148199964	-3.044219926692	-0.6632805551330003	1.4555091306919996	0.05500118113388166	0.004783485298477232	-5.249684471549	0.3215914242842314
0.00002264474972874236	0.004356082240448467	0.08998681922049759	0.0001803823736165348	0.00085464911213064	0.00740089852353865	0.0008821090284182958	0.03224508863351707	0.4121977842576648	0.21900620295999995	0.1333338354039999	-0.547843179219	2.943895629039	-0.7736591886409001	4.749637771264	0.04239161939821153	0.005037833162885048	-1.014414080212	0.3094366797998148
0.000016535136222707895	0.003316405467983054	0.06507699747628223	0.00023181083910606557	0.0009042548260539909	0.00872034928500247	0.005257409235595295	0.036851285181857735	0.4365474764343206	0.8405991113345	-0.49699771410249993	-0.60404790629965	3.8077513174675	4.3327568300185	4.4505611578924995	0.0542238329715053	0.007396001130497348	-0.7029221200885	0.32313697459450513
0.000026347705712074167	0.004540270985269468	0.09128717666408406	0.000207791038908386	0.0009492005317819004	0.008076643752206132	0.0014916215133664193	0.03443605024080137	0.41399298035526017	-5.997742531461	-6.298160819858	-6.8394880018594	-2.269710831736	-0.964808609686	-1.5613045976210005	0.041041004880491894	0.0057911425711074565	-7.06656254554	0.3211330223433368
0.000027530375044685828	0.004593546986904006	0.08396350922854807	0.0001552946201295284	0.0008904282486884071	0.009479025573635067	0.0010988552607884429	0.04043347288047313	0.43075573384504967	-0.8567301402089997	-3.402851413944	0.6302029276010002	-4.276685610616	-2.081266851204	-4.525628052862	0.0407823327111457	0.008238629478811717	-5.785382048581	0.43413000154577513
0.000018073908091395995	0.003328219254907847	0.06840209140761702	0.0001583540204293105	0.0007922551821702541	0.006689639880420049	0.0020176113770689666	0.03207408750627492	0.4102406540119367	0.5665005389019999	-2.568651751212	-3.475531915291	-4.495356736061	-6.7368946172572	-1.4251852272710002	0.0551973203345002	0.005451096391936164	-6.895471682898	0.42388002321312057
0.000017891008552245943	0.00372814046722012	0.06776165884729196	0.0002353701496073451	0.0009560557411450253	0.009027000102627079	0.001507793249412879	0.03889329374196139	0.4479772258764032	-5.556978043014	0.14861259719999964	-0.7170040043990005	-1.862913876405	-1.3230099208490005	-2.002494958432	0.050303529345271096	0.008001164735548226	-7.040423158159	0.32369422627083955
0.000017346554798278498	0.003066949881177062	0.06483462147633827	0.00013477708237977245	0.0007661054214457784	0.006220805374016285	0.004893152003251516	0.03355747922549763	0.4047714251871775	0.4709009591119999	-5.2587104717379995	-3.410046483819	-4.039668495452	-3.027598468741	-1.309844997601	0.058190045350629174	0.005706477656736455	-6.865995336816	0.5664449145237451
0.00001381797897491163	0.0021092377096793525	0.042683906267936327	0.00007692452204429409	0.0005616138731412872	0.005928619024540147	0.004158778898221467	0.03483875871710156	0.38949637791508157	1.2481441321410003	-0.19320459816199964	-2.4354881453319996	-2.1248136036679997	-4.033592397772	-0.604282299207	0.08247276999032256	0.008232481857638967	-5.72238392226	0.4826337847758801
0.000015367844611996116	0.0033185673945918853	0.0718138425754908	0.00009533689378925156	0.0006057767589449066	0.006480670897518247	0.006336525345607805	0.03142685077866327	0.41025789307623484	-1.2480402357729998	-1.8130953831619996	0.41647750310800014	-2.8509163451949995	-0.48717988878399954	1.433307164066	0.0532927892159772	0.004943288479568994	-5.335199977693	0.3488541368886785
0.000029199861510718273	0.004539342280010486	0.07991106070840069	0.00017944250395910717	0.0009972411628699827	0.010027059090227813	0.0014075400577905656	0.04286288533825628	0.43291930752246743	5.424419587300001	-0.2296988129719999	-5.653980659499999	-4.670060155232999	1.0997919274950005	-4.490859245437999	0.04131599364634534	0.00894548719284371	-5.84486400362	0.44322658534148174
0.000030183855022611027	0.004165867366867761	0.08284716039856062	0.0001802290169989611	0.0009430636060799616	0.007713314084298733	0.0020065742408442687	0.03436883672657353	0.40153022144019285	0.1265089086676	3.4558410070051	5.8391044991201	8.1471077844621	2.7295693173501	4.8908257107161	0.04437595956512559	0.0066832375394132205	-0.3463717792719	0.28371411305130095
0.00001531417509926046	0.0033890119867164975	0.07362657278441667	0.00009615274744848574	0.0006101858917190759	0.006061865366560414	0.005922147788803396	0.031074633312395402	0.40473081364208363	5.030787379404001	1.5500801060490002	-2.750694013938	-2.639142037345	-0.3347909395110005	-4.9139539583122005	0.052194648861387256	0.004804028520643947	-5.217352552296	0.4213808971842834
0.000025559265708476906	0.0037529640610966066	0.06848738126939301	0.00013518642340517293	0.0009340726006916756	0.008693369678530904	0.00710894732741288	0.04369335871921442	0.42120690345903705	-0.7818591234319996	-4.39284913126	-2.617655466675	-2.3271291555539997	-0.07254243137199978	1.5746058633329998	0.04727420291676303	0.00950638371637565	-6.039693638456	0.3717342948559501
0.0000261149784169692	0.004042654813494103	0.07555998807807728	0.0002431422517567871	0.0011218034143417473	0.009012681733491441	0.0005488604824660862	0.03884871542749839	0.4272247528546535	0.4505181593637	0.1806565740946	-0.56230272733049	-0.4449381357536	5.3926536618887	4.5861387753457	0.046644804713469525	0.007533255387961879	-0.5888864310713	0.3028239142643705
0.000030811988248233796	0.004227604965405717	0.08419370545663	0.00018433879536955294	0.0009565226917869884	0.00782792419809823	0.0020488735188496734	0.03457920854681199	0.4020869362551301	0.11192429839060003	3.4508577502613997	5.8194935957554	8.1656398372394	2.7218042483524	4.8770875030854	0.04368443358377418	0.006677878193004192	-0.3699768244606	0.27982758524286855
0.000025590198385245098	0.0037829064594823974	0.06901207190055389	0.00013312590872008052	0.0009301620128745671	0.00863406797039884	0.007069467273021634	0.04369045317644242	0.42056572518892826	-0.7930824281250004	-4.383479460487	-2.6194159103850003	-2.314370332802	-0.06383697019299994	1.5687360831669999	0.046948374729783984	0.009508695235978963	-6.046792435007	0.37154438121952554
0.000018092772370483172	0.003080122481189315	0.06608377190687935	0.00013656074529323344	0.0007622131806749792	0.006390878752960168	0.004884362735013565	0.03278307943517036	0.404073453005022	0.4319198007630005	-5.260974560249	-3.433853150078	-3.995212909453	-3.014664594193	-1.3227346550219998	0.0572831840440229	0.005714078935126936	-6.857483973968	0.5590691430701226
0.00001359858978496785	0.002336836217633273	0.049370447318373034	0.000128304802034961	0.0006781876483226627	0.005417290255604583	0.005859509986691159	0.033153861610393374	0.39038972891040463	4.8278940257862	4.0538888822552	2.8382138775412	3.1133897406482	1.7532854948262	0.8023362600162001	0.07395792922459847	0.007082548339632582	-0.2375459405228	0.4778446428617117
0.000017532621144157194	0.003515786624700981	0.06834252755539669	0.00019951624835313778	0.0009198821980505647	0.008018553537415594	0.002148987131011346	0.036988713715540564	0.43582097503660866	-5.711983983349	0.5635085327420004	-0.60998553619	1.7102337492619997	-0.6944963600360001	-1.8028743758769998	0.052569195175637025	0.006950821305923929	-7.087739117149	0.3570504121308824
0.00002641123088867824	0.003898308471320719	0.07986605070185039	0.0001915726199090537	0.0009814639427783802	0.008209652896999995	0.004722387864429657	0.03605464487188421	0.41418392530706355	6.4231303206274	0.6777912247173999	-0.5477511211241	2.1169744770464	-0.14080088537580004	4.7567290007573995	0.04597700939389163	0.006617369341400797	-0.6555095471236	0.29173795394295576
0.000029824084614373733	0.004229449986383841	0.08785454141538683	0.00018004218825508063	0.0009334451306845689	0.007925218169217839	0.004067064940981701	0.034022816959537176	0.4038077133455115	6.2676683925078995	0.5140357160489	-0.5361394800420509	2.1352250158579	-0.16889384220479997	4.8526075965819	0.04252060381852659	0.006130291907279427	-0.5375770996381	0.2687093700593624
0.000023233964072707685	0.003157033012533181	0.05300407632682025	0.00019236685011742778	0.001038267856371676	0.007385332644398681	0.006354230332759764	0.04175163990031267	0.40334242459830144	5.2162274015168	1.8723319176798001	0.1256955858621	4.1406064548128	2.8341222296188002	1.2224635027497999	0.05874333475001976	0.010587006081083051	-0.2369404078142	0.645384451449911
0.000032426480600436385	0.004333686490444686	0.08586077938484424	0.00019215119904644252	0.0009859549386989335	0.008037343844048432	0.001992290361701626	0.035092971897805386	0.40237117443992376	0.10015022771589999	3.4321633799607	5.7999026662507	8.170504921086701	2.6999893799327	4.8638035284127	0.04265701740981983	0.0068287097568298675	-0.3631679034993	0.27423043729932944
0.000025997830183379495	0.0038463618364520972	0.07887403518075553	0.0001895902508401703	0.0009752951810319475	0.008156526198674343	0.0048054647978926605	0.03602135852782034	0.4139971207192514	6.4368062825058	0.7017389409828001	-0.5395407485779999	2.1288155114798	-0.12231528237220002	4.7615315049458	0.046547962433520725	0.0066299116957055804	-0.6460709856472	0.2983712999823679
0.000032313970784409064	0.00431462403711686	0.08539906900673723	0.0001920029149509622	0.0009863960324616994	0.008038727814960067	0.002040849014400347	0.03515078875870495	0.4025842522441222	0.10677060626700002	3.4414141283426	5.8026262147036	8.1615296825216	2.7065637040636	4.8638817428226	0.04284948183078334	0.0068577977709989	-0.3584863391114	0.2755465901013009
0.000030558092815229685	0.004192403781656106	0.08317851211053899	0.00018669277894178384	0.0009642109278725655	0.007881265561811198	0.002043443722046571	0.03485367803416686	0.4032439202612536	0.1431670173427	3.4639176139146004	5.8224955279426	8.1339317946036	2.7144523308116	4.8683738696276	0.04410164564682341	0.006750238919486933	-0.3711906370044	0.2847431371569354
0.00003182204279738674	0.004284979048932801	0.08504790104936605	0.00018970444603763045	0.0009776706320589231	0.00798293056835825	0.0021276118502150726	0.03499161161187499	0.4025247953433002	0.10506399638750002	3.4529132254291	5.8049754815840995	8.1676401345351	2.7203800182111	4.8661884604701005	0.04310194024327805	0.006801533149534383	-0.3662201027309	0.27654557475237845
0.00003246667042082104	0.0043327685772324605	0.08587084552353641	0.00019260150487637566	0.0009883491716527351	0.008061872206276532	0.002103281417602104	0.035161556622592044	0.40261027296255153	0.0966033263044	3.4435233135483	5.7961579128523	8.173860698680299	2.7116283098843	4.8610044409133	0.04264221588029379	0.0068386877866578885	-0.3671130392757	0.27358988269700635
0.000026319956256236115	0.003892774767054223	0.0702739017588748	0.0001351106944881098	0.0009399687847101633	0.008730734878989205	0.006786360918191941	0.044009114559801985	0.4215372425526902	-0.7828087407400002	-4.313325947579	-2.603748813633	-2.243574449949	0.010170239467000464	1.5879115623409996	0.04597692183091234	0.009540745035452701	-6.038419571245	0.3738820755706274
0.0000258106164950394	0.003831830670621514	0.07837828186521438	0.00018997901856176324	0.0009761914575072357	0.008149885282765468	0.004697980637709366	0.03607072348228884	0.414404460195792	6.4492486107956	0.6918447779116	-0.5376426597967	2.1072332165896	-0.14121220730599993	4.7570387376906	0.04679901210744622	0.00665262650044227	-0.6435117879664	0.2998272063000966
0.000025650070786903025	0.003813600716953881	0.07793577504038593	0.0001901137023003407	0.0009770384671273363	0.008151394777716255	0.004722545877228105	0.03614467934222132	0.41469616197572884	6.457347402097399	0.6997763073484001	-0.5366031072772	2.1074620284774	-0.1392472845396	4.7545562793104	0.047016438141908486	0.006679492766764788	-0.6432584370086	0.30217449968793625
0.000025749882768467456	0.0038329668276601715	0.07843150436615574	0.0001896571906452838	0.0009739290569807947	0.00813674820849066	0.004670726810382006	0.03600223712185814	0.41437447494642166	6.4492751937923	0.6888322890693	-0.5373588573946	2.1058438092313	-0.14421020789390004	4.7572792250903	0.046795590109970676	0.006630630570411602	-0.6460245609367	0.2998218015900301
0.00002563855110324863	0.0038190609691218973	0.07821608870014597	0.0001887032730865024	0.000970866745203771	0.008112176312494319	0.004710107842590663	0.03596164928989439	0.41418596358250653	6.451714915180901	0.6978276473539	-0.5342818925217	2.1133687705179	-0.13525466316650003	4.760749761446901	0.046939939025513404	0.006622816207851946	-0.6427758553311	0.3022536659712847
0.000025607380816364246	0.0038126393405936722	0.0779722871886297	0.0001894678385920693	0.0009739575898519789	0.00812995363332754	0.004694336565304531	0.036056678873674225	0.4145027485018307	6.4570342748442	0.6969087815881999	-0.5349217399512001	2.1061484370612003	-0.14078123084320004	4.7569272097512005	0.04703690607999536	0.006654849839611659	-0.6419172476928	0.30249417297710585
0.000024974503186546306	0.004315693287130983	0.08433250015529986	0.00011032398314266638	0.0007675261891576313	0.008058969530445374	0.00422760734744455	0.03878244658801684	0.41866142934691114	-0.8722663281749998	-4.032123083276	0.5812207304879999	-2.120448741253	-2.806315239866	-4.684906067912	0.041884669576430396	0.00778186783500274	-5.843223888153	0.4045570086515675
0.000021309668335854916	0.0034667722087828173	0.0723529140621283	0.00014449851254065267	0.0008077816588232282	0.006778610454096665	0.003886842933194152	0.03263356353078454	0.4044441736940471	0.21846162504300004	-2.4636823200149998	-0.36555038796700057	-4.218298626031	-3.2242083856690003	-1.3538673275770003	0.05203004572236664	0.005708847013129773	-6.850561065672	0.3386218844398625
0.000023795175830439196	0.004244635989843766	0.0839359238609451	0.00010832778547671272	0.0007463154731684533	0.007859112202218813	0.004039662148161214	0.037928848115046064	0.4179945863499465	5.36600665406	-4.0349394917720005	-2.5699049162790004	-2.1191796292390004	0.3461132957799995	1.5897451708859993	0.04255782974915335	0.0074916376589823286	-5.81135810891	0.42701871315751333
0.000022754463256535257	0.00350499943329434	0.07117149815002255	0.00015326996633333845	0.0008443363749051216	0.006991732039484022	0.0033151836926417376	0.03339168715894875	0.40427208437601947	0.27502950934299975	-5.685275841161	-0.351434996539	-4.3606772570670005	-0.1857184180940008	-1.3611957868050002	0.052131063187979616	0.006300934627204499	-6.695711241667	0.3374691379643012
0.000027083366493141805	0.004006999371303756	0.07187176037085288	0.00013705674257195318	0.0009465765073142248	0.008835939706251163	0.0064470542708162755	0.04417378362022051	0.42250808740862117	-0.7685514530860003	-4.243170341391	-2.586487985389	-2.1787658515580004	0.08372501768100005	1.608236288864	0.044966491995424164	0.009524033905794276	-6.022991737175	0.3752411527827663
0.00005965268656495785	0.004975332852234881	0.08194603973753	0.00037377743942509434	0.0016664479834630724	0.011933830831764127	0.0013388807553670094	0.04736406470558498	0.415077105024625	6.693743999510501	0.1910865793869	2.6297262026475	0.0421851669536	2.3759739604605	4.701814955526499	0.03846826885540493	0.010034464549628438	-0.1246790876085	0.2657641675516564
0.0000614790245162199	0.005031089758574709	0.08248401105923815	0.00038362158534762866	0.001698739086096078	0.012131322583576618	0.0013577808012471253	0.04778762699743439	0.4154161400989645	6.6900810919171	0.18839373432429998	2.6219734201371003	0.03573282261829999	2.3710361069831003	4.6944557679811	0.03805837031429633	0.010097271013065907	-0.1245253676319	0.26278458217963013
0.000028608304582302818	0.004287911387311081	0.08873991830752193	0.00012651954162553084	0.0007619145999427643	0.00921058686416425	0.007193227558151596	0.037960788972731814	0.4139001720521311	-0.6945811159910003	0.7923960845349995	0.5587958336909997	-3.557264773115	-4.3026787741109995	1.5572317053029998	0.040268475292298114	0.007441452199708361	-5.827667391247	0.25849278690298166
0.00006043604075981687	0.004988360496541045	0.08179178305998286	0.00037966261490883523	0.0016865063777159654	0.01204499201781375	0.0013835339704536744	0.04767400744220215	0.4153789230892313	6.6992938576725996	0.1933418831548	2.6280268024606	0.040147913071700014	2.3728717531566	4.6971879750126	0.03838897020323325	0.010091367518769203	-0.1231027462164	0.2662407748499379
0.00006050652524049779	0.004989924393022496	0.08178245848832603	0.00037964428045400675	0.0016892184404574359	0.012047684215067885	0.0014016403992415177	0.047735284233564976	0.41539768048006004	6.6974795595348	0.19274056525119998	2.6280238561668003	0.04187332663519999	2.3739787822288	4.6972428725398006	0.03838694403679644	0.010092336464142199	-0.1236852423232	0.2645233248621323
0.00006103362449661985	0.005013686723926626	0.08218652200215713	0.00038214294525392106	0.0016955397951735143	0.012102187392107826	0.001379717240002886	0.047791217687489326	0.4155117855896537	6.6931309054774	0.1908589053567	2.6234964127373996	0.0443869841508	2.3720766603604	4.6943140742704	0.03820430210667132	0.010089570884981391	-0.1270380940626	0.2635973937993088
0.00006075834779659043	0.004995179078650618	0.08183285544400735	0.00038300289680395127	0.001695789172866829	0.012109540908493848	0.001393958264251323	0.04780881516834948	0.4156961500461163	6.7014408533032	0.1927819644254	2.6250366552822	0.026424480495800012	2.3682419072992	4.6925542497532	0.03834101959748692	0.010100472174152211	-0.1278326081048	0.2667789984742721
0.00005979608934252422	0.004961358658343441	0.08135464776510026	0.00037856288152531665	0.0016819206870761763	0.01201917808398683	0.0014034081041092762	0.047663441939667955	0.4156339688136624	6.706751819542	0.1968156070573	2.6297117104630003	0.0391487514577	2.371242406058	4.695530169132	0.03860441741398927	0.010082670727963964	-0.127397093319	0.26925104502324065
0.000027356115280742828	0.004212551186459663	0.0845100158126084	0.00020157364739167608	0.000985135780973707	0.008177207533824988	0.0017857843812826588	0.035407918297805145	0.41385144035044824	0.18967342344099958	-2.834750794323	-3.685910099699	-4.444607643461	-6.8318278741957	-1.5435303126989997	0.043779448010480795	0.006313161681463677	-6.945282920846	0.2774779776524777
0.000014717213668751173	0.0020951751452064466	0.04146904086518752	0.00015732525166591978	0.0007948860673361944	0.006539503417260506	0.0058703977200197325	0.03874027512937381	0.3929334781720801	4.7004012557163	6.8483768424063	-0.45700263829873	2.7464392188473	1.4486054176902998	0.7412414312693	0.07994469862689961	0.009772322665154477	-0.5458751995287	0.4686148773868095
0.000027426289187750218	0.004204152667586673	0.08433866510057178	0.00020125067340456	0.0009850659602757277	0.008176882076736471	0.0018678082052883572	0.035417923780381444	0.413636267395218	0.18959861070499961	-2.8245855860580003	-3.6840084138670006	-4.442834677679	-6.819879287097301	-1.5405253757160002	0.04384747730860076	0.006332271391143206	-6.936786608262	0.2787088916657673
0.000027491671189187313	0.004207897110701711	0.08440101194937537	0.00020137610300720936	0.0009855591859951975	0.008180286597209577	0.0018585750495074564	0.03542635084458265	0.4135689946533254	0.1895365511689997	-2.8258889079519998	-3.683755098245	-4.442272620682	-6.8207480520498	-1.53973525297	0.043812592789693044	0.006337083854300794	-6.934296489436	0.27888523287429035
0.00002738236397304707	0.004198124909706924	0.08422593771968448	0.00020101900939815205	0.000984410838629411	0.008171771178487426	0.0018791161722070972	0.035409333450533424	0.41364111429689454	0.19034819709600015	-2.8226549527350002	-3.683196398959	-4.444353776290001	-6.8179211096546	-1.5401316530380003	0.04390771227675746	0.006333059943293618	-6.936003981343	0.2788345392269691
0.00002770568365906312	0.004223675489968662	0.08467729775474496	0.00020221462455325933	0.000989244973578232	0.008207181610258431	0.0018656038931571725	0.035492296508745524	0.4135872214648788	0.18438776914099986	-2.8282253251140004	-3.6865382286020005	-4.440085562316	-6.8207595182676	-1.5408627099360004	0.04364951156104749	0.006353387912651307	-6.933800293893	0.27734882700757263
0.00002762867581963775	0.004210772793846601	0.08442473393123336	0.000201833105444152	0.0009883319790442164	0.00820019028777495	0.0019074973700497697	0.03548438958392399	0.4135910702285696	0.18608651623800032	-2.821938078512	-3.6850862580759998	-4.442479769437	-6.8147039697547	-1.540214145568	0.0437739928086737	0.0063597691463414575	-6.931348890121	0.2779087441988957
0.000027555293049594265	0.004200890244528347	0.08422330988085504	0.0002015883114031676	0.000987558882175915	0.008193904386356653	0.0019267053367933104	0.035481978164262885	0.4136056790003467	0.18896677686899999	-2.8179315221209995	-3.683701495196	-4.444897611498	-6.8119852514918	-1.5398065490169994	0.043872231639532515	0.0063647439124084005	-6.92944682854	0.2787865445059528
0.00003691327186811548	0.004167056447321414	0.0785565717913648	0.0002025936342950542	0.0011136804850418978	0.008757376368046188	0.00536668949181012	0.03899052505137449	0.4003462172096572	-6.1953673614545	-2.476611677125	-3.616129475498	-4.210120805008	-0.029787930988000255	-1.3917696622160003	0.043727688648381134	0.008886850648544551	-6.374626528087	0.27316022346569213
0.000018065592946698656	0.003057056824808399	0.0608640367046393	0.00012420107604515365	0.0007702462099537343	0.006098952314501515	0.006688086845263729	0.035907812010379	0.3955155160405456	4.9766938630579	1.4820430744148998	0.13627509821949998	3.6908232501019	2.5547845573729	1.1324242796099	0.0573124128292843	0.008487223728357803	-0.1415170350531	0.520567858982296
0.000014462453796958705	0.0024002987367042258	0.05028821829351927	0.00013160741922217027	0.0007219840013761107	0.005680540482988062	0.006225619516599033	0.03446832443103117	0.3915645255731594	4.9011309489685	4.1774782394185	2.9460216888175	3.2226497011885002	1.9116428988714997	0.8847998380655001	0.07153660759259013	0.0076595322353011095	-0.2166288078855	0.5313547539233223
0.00003840167249859098	0.004278147826441455	0.08049471649393525	0.0002097996688478425	0.001136924565738204	0.008922945141271893	0.0052547248559022515	0.03925840131142636	0.40072477386246014	-6.2139118664415	-2.510342496668	-3.637480878663	-4.227529777379001	-0.06499238182199996	-1.4058962541080007	0.042674944839215787	0.008868678722807881	-6.390901559918	0.26572712949354066
0.000037605802504990015	0.004215387732085089	0.0793634559697858	0.0002065069204128889	0.0011262007765151549	0.008846744443762208	0.005298418396684556	0.039149934346169854	0.4007127028226109	-6.2005092371028	-2.493415338984	-3.626363391036	-4.222667131032001	-0.04992892836100005	-1.400354500552	0.04327941528744228	0.00887492046417933	-6.38532286597	0.27001947572107865
0.00003808098484233298	0.004248855512055116	0.07989666000054589	0.00020863744304381888	0.0011338369602965424	0.008897593583524556	0.005281433614305329	0.03925333092946317	0.4007770655710782	-6.2060635136241	-2.501754865177	-3.632133666062	-4.226423414058999	-0.058165859364000205	-1.4037510552459995	0.042960755263906504	0.00888642470645409	-6.387064551308	0.2677957057471866
0.00003753198252299804	0.004217768716116864	0.07954811400580632	0.00020618761110137985	0.0011231814906666692	0.008834985794505418	0.005266096695235331	0.03906477379385852	0.4007723058677275	-6.2023911331998	-2.497039528677	-3.6273413969079997	-4.223215282263	-0.053159461646999695	-1.4007785080810002	0.043248319346689816	0.008830024528718233	-6.390816533061	0.2699271300687782
0.000021775490889242846	0.0036186032769128258	0.06288945393880546	0.0002528520129256772	0.0010959829858739915	0.00932010537051562	0.001004254275088042	0.04094541337713701	0.43662946328578167	0.6994509484045	0.4262485660688	2.5387695196684996	7.1559548091335	2.2174338968634997	4.4251181456385	0.052196762962183715	0.008985073824533072	-0.5058375373555	0.41100725266665994
0.0000225907626243494	0.0034848218557507987	0.07278359610485767	0.0001635255462296831	0.0008818732548231287	0.007400203045238695	0.005196845596553972	0.034551224533633275	0.4086316962886703	6.524005439730701	4.0166417429846994	2.7043172388207	2.2513337674347	0.05066072346399997	4.860233419931699	0.051000141175454476	0.006315527579779065	-0.5672289167683	0.3658819689028775
0.00003835926676409573	0.00427537468111905	0.08049971572940891	0.00021005940509475387	0.0011366777349924543	0.008925413316134643	0.005218553183964893	0.039241693836980215	0.4009213937184238	-6.211869987646501	-2.513590408063	-3.63788917982	-4.232284988131	-0.070135388982	-1.407607048149	0.04270542984466813	0.008842387006381121	-6.396119235877	0.26594991490802217
0.00003748369492202544	0.0042098915547134075	0.07935298303116724	0.00020635971867575447	0.0011240909186826897	0.008838271937073707	0.005266301653248968	0.03909766140367467	0.40086635334350706	-6.198416490549399	-2.4953865970979994	-3.6262326539149994	-4.225465665663	-0.053507254165999996	-1.4013490270099993	0.04333600705563062	0.008839675701890374	-6.390631726469	0.27065194308149954
0.000015150453231185232	0.002127457219677197	0.04188911343804015	0.0001547093546895864	0.0007811364054301229	0.006463982150461595	0.0058934180800981895	0.03851682732579598	0.3918007978843342	4.7149723086856	0.6174375981736	-0.4693711693597	2.8067917308476	1.4756237771805998	0.7184776223756	0.07895406882427776	0.009860690982726239	-0.5817527548754	0.4879812482026628
0.00002113208531835866	0.00355064372534747	0.07390713113054526	0.0001616253631420794	0.0008458131864607123	0.007120396414800296	0.0037823257422096245	0.033275517538839235	0.4100599697761917	0.29065825297100023	-2.4608181912769993	-0.4358608248759994	-4.229555769227	-3.3337162080129996	-1.4472576935039996	0.05083221511858031	0.005756163129310762	-6.951567634448	0.36043745618205336
0.00002052833216916084	0.003574266352123405	0.0648811973141045	0.00023280085589169025	0.0010385125706353561	0.008854154960674878	0.001635444650812542	0.039298317190640315	0.43577527526392257	-5.6479362965530004	-2.643455503866	-3.742363441407	-4.898720398622	-0.7989235191570003	-1.8261804759290001	0.052498950659909116	0.008250956040606909	-6.867178027065	0.38373486516739597
0.0000259967796701879	0.0037047337106005224	0.0734503957456619	0.00016681967377192133	0.000924688671408189	0.009647916712311914	0.00708825880415318	0.04085431862629519	0.42147076928000776	-0.8890326945169997	-5.6379328918502	0.5109797030030006	-3.7034349503319994	-4.352073464361	-4.656574602345	0.04619077861109251	0.008594636305519054	-5.916476266724	0.30356467244054436
0.000026219407448498668	0.003743220293965207	0.07442070167292286	0.0001649815703298178	0.0009176636928259423	0.009625431616220193	0.007086853678414699	0.040710024525763264	0.4210118000129809	-0.8804560591820003	-5.6345873737683005	0.5130714273799999	-3.699924729523	-4.355402962669	-4.661152080827	0.04574004027484881	0.008533755109964196	-5.913438355029	0.3024586382834296
0.00002633204594151462	0.0037616149474321626	0.07487311673041505	0.00016409472375648534	0.0009144806541918714	0.009617489928304603	0.007088611886113116	0.040653226924167014	0.4208118280046943	-0.8762406415550004	-5.632787756661901	0.5141549933209992	-3.6980348724040004	-4.356504932423	-4.663201071246	0.04552596800493982	0.008507416876393179	-5.912355176632	0.30144997576813504
0.000020761757174782874	0.0023974191236334577	0.0434672547242302	0.0002481074297728367	0.0013391385847028908	0.009988015461598746	0.0084955557090835	0.0481010459524317	0.41306524894129604	5.0087209177699	0.5465670593047	0.1657586978859	2.5040285288919	1.8217283861249	1.4024143444729	0.06569096360878053	0.011587899226376836	-0.1621220911991	0.3851343904227387
0.00002625766131852069	0.0037459378838580076	0.0745338287430252	0.00016460848122593324	0.0009163436664257798	0.009622195657466082	0.007100204346659024	0.04068677415790868	0.42089002823443006	-0.8783810304499999	-5.6297136339866	0.513151026709	-3.69516657946	-4.352053833805	-4.662597712467	0.04568727221174264	0.00852841754682219	-5.914194055955	0.3016836160027396
0.00002674333552496287	0.0037922356101376237	0.07550863873909501	0.00016536512285496017	0.0009202472130746441	0.009663991948333058	0.0071170897706686	0.040749388940714344	0.42061751987565604	-0.865439631778	-5.630666308850199	0.5164530539049998	-3.699996104916	-4.361175012623	-4.6644093090759995	0.045133335059919594	0.008517505757815557	-5.914286421488	0.30123505664671396
0.000026543323229834608	0.003765713201313988	0.07497140475317782	0.00016519052826255768	0.0009194236517837693	0.009652991345518589	0.007126057330915238	0.04075510737741998	0.42071681619869267	-0.870314361997	-5.6257521804688	0.5146234844739999	-3.694063158204	-4.35311878183	-4.664035465827	0.045415541210606404	0.008536871163597099	-5.916132644746	0.30063281546453013
0.000026557773358324323	0.003768903190406622	0.07506325387568981	0.00016492630245234586	0.0009183201039190386	0.00964883185883024	0.007126499418962965	0.0407286099317425	0.42065318004424995	-0.8691710538470003	-5.624676426131701	0.5148359388019994	-3.692848209915	-4.352694879667	-4.664582653178	0.0453782793768837	0.008528389383721333	-5.915699249411	0.3004970831398773
0.000023843112165064707	0.0037521614836323516	0.07478972270616646	0.00019289833900613498	0.0009592484676374746	0.007941244982043797	0.0029020995053286	0.03577164102933458	0.41573748385413195	0.3526625815434	0.5397962938086001	-0.48414379326525997	1.8201439355276001	-0.40893474871429997	4.7417769811416	0.04888704034865394	0.006714481063830242	-0.5802403581414	0.3388013155514342
0.00001851441977841619	0.002168933329231365	0.03792696237389218	0.00018904273453152002	0.0009030824531933228	0.0075002028041633115	0.006214950732051925	0.0423853446701564	0.3923641672476254	4.5893329957285	3.6177208470194997	2.5492947667335	8.9760268322605	1.3748167014324997	0.6335484579345	0.07693022966857689	0.011958263103378221	-0.8883065362665	0.47934519641948387
0.000042433670815051834	0.004689729898793666	0.08265693012113783	0.0003209920026473972	0.0013933376240380724	0.010902030285807041	0.0005721102965303127	0.0438900125499505	0.42368297632171115	6.7116733676942	6.4774154822422	2.5564514291282	-0.0996130578037	2.2793310795242	4.6034192806272	0.040360175494987	0.008916401158109063	-0.3826821476708	0.33913202927797154
0.000026396713415153416	0.0035517712857588988	0.07099450360447074	0.0001740163540420626	0.0009575312923747923	0.009782712424986099	0.007534632320631161	0.0413514072214103	0.4201130023368872	-0.857782255339	-5.5034094627704	-2.643063875164	-3.582004735336	-1.099490990373	-4.676064548925	0.04722619917691578	0.008913910602402679	-5.971352548395	0.302591462709222
0.000025763913469642972	0.0037059861234062003	0.07453260756494265	0.00018474556591544075	0.0009613311717276576	0.007951483283363122	0.004186048978616634	0.035832492721621464	0.41172228006877254	6.530292891375099	0.6651640436661	-0.475314469474531	2.0090991428461002	-0.1810985261438	4.8016616741211	0.048882124466374875	0.006908009371392092	-0.4767575847819	0.326534745174379
0.000015391181346620977	0.00232023292756634	0.04901929990908044	0.00013009892854499433	0.0007765249634645249	0.006388076468912898	0.0062341923899466335	0.03468070483698799	0.39511336833226623	-5.4058461880844995	-0.8644637576219996	-6.1129075374632995	-2.775640640106	-1.6918853366070001	-0.9636486106630002	0.07428803228863397	0.00716809054458336	-6.253108154643	0.626660820341753
0.000024043166622526306	0.003381668056541245	0.05892504310593124	0.00024062462645854275	0.001160446938562014	0.009182188650155014	0.0038360920685969577	0.041848519327173817	0.427216299259389	0.6118056203905999	3.8598429307161	5.7763733921101	1.6105236829191	2.6831079427671	4.5808566757631	0.0554244718420115	0.00926547822903788	-0.3699987527739	0.42799058423429975
0.000019487312280555285	0.0029434008790624397	0.052400462315595746	0.0001465803184818941	0.0009447431931805459	0.0069565706581661895	0.007929697704190528	0.042284889667195034	0.40012060534749555	4.9987440174708	1.4160427590708	0.10128159205549997	3.6675276630228	2.4886662812258	1.1531103600408	0.05962019478654825	0.010677256603882473	-0.2866217282712	0.508139493540792
0.000016919376428008622	0.002326300477979008	0.04780969362945084	0.00017909539875494488	0.0009472066491611883	0.00742929109867746	0.006424689959334256	0.03752901608462551	0.4007080771949044	-5.3276851287564	-3.830360364396	-6.22083350838333	-2.566965232422	-4.798102008243999	-1.1049914472499998	0.0734367255897291	0.008180770409650444	-6.266800345637	0.553875430493987
0.000019803948363859208	0.0029946940662420236	0.05286393109098338	0.0001466262484444553	0.0009553157596933478	0.007038708012480593	0.007982810498818145	0.042756849949572184	0.40093677366304126	5.01482881097	1.450418440297	0.1268160036032	3.7037348331930002	2.534080980991	1.178002153019	0.058774770040057614	0.010747642209907421	-0.269946136972	0.5069034299903625
0.000019596888796361623	0.00294788444936681	0.05224196926867661	0.00014754183306433147	0.0009523335759955047	0.0069961023002155405	0.007971653944422561	0.04253519383379037	0.4003391676945519	5.0030516151545	1.4211508999754998	0.10414332735769999	3.6737588380795	2.4947126804065003	1.1571851410565	0.05956073123728214	0.01074067696408541	-0.2879996173225	0.5100026184781964
0.000019393340205938967	0.0029148316280835263	0.05195073532510943	0.00014765819308258174	0.0009466894106837486	0.006955926579804915	0.007933299416840435	0.04226575596290002	0.39995644875039954	4.9969835910795	1.4026352882995	0.09084742593650003	3.6532844941955003	2.4692762634355003	1.1447495068695002	0.06013111272548518	0.010685419932936462	-0.2933998798295	0.5130990872384701
0.000019408729393596416	0.002918956694007145	0.052040979901489176	0.00014756404666416403	0.0009468187870002269	0.0069619595760262885	0.007928449306840033	0.04227416174265747	0.4000495377977423	5.0002139874927005	1.4075923663637	0.0948132048875	3.6579088094777	2.4753677026987	1.1484201614447	0.06005426628414751	0.010675448879361513	-0.2888613734683	0.5143521290074234
0.00001960834183599988	0.002952247203808162	0.05235634097219533	0.00014760840031664352	0.0009536291708730776	0.007016154523619185	0.007959306180364074	0.04257107161828638	0.40060943866434545	5.0122239828194	1.4321386201473998	0.11288406178819999	3.6834741212614	2.5073485793254	1.1660014286913998	0.05950351786696621	0.010712521100594204	-0.2756337353596	0.515337423975962
0.000018286763133747432	0.0021134315202100736	0.04068317394089444	0.00015374169885308496	0.0009319431247341224	0.007768773498467669	0.006500782502390926	0.04142702644937621	0.395064063551089	1.2513357631759998	-0.46667218426699986	-2.736568788937	-2.394340777584	-4.494870504742	-0.8271573323599997	0.07753686824019336	0.010692770032500609	-5.709668958209	0.6351047609859874
0.000021785706576117445	0.0024679352660452476	0.04867656048548835	0.00023242474615068918	0.0011514376944879608	0.008646100185580046	0.006571868000274042	0.041124907359706725	0.4019233909896382	1.0178699337959998	-3.610718924252	-3.093515720924	-2.2727745852120003	-1.4891913855860004	-1.1583427773450001	0.0679203170653694	0.009599677396878526	-6.12969109593	0.5857970637645405
0.00002934999722179622	0.003528857551170428	0.06359282529123797	0.00022162499754954456	0.0011573631582022395	0.009010768094206804	0.005047676516714789	0.041243785273045265	0.4156123172657823	-5.8379705801189	-2.3534833687040004	-3.5780202961120002	1.8777305668630007	-0.16342548900300002	-1.5198596230749999	0.052373024571309525	0.009135699250452899	-6.504563379037	0.37727430577618726
0.00003190040248763814	0.0035839415027589527	0.062199283006178545	0.00023647724175016808	0.001239458322441135	0.00943034803023747	0.005382841625404465	0.04310637132623106	0.4157003593857731	0.4613237172910001	-2.344796238541	-3.576446255003	-4.437031687860999	-6.441217428113375	-1.5246453310580002	0.051936710519719445	0.009719766871089894	-6.446057459123	0.3728631020358393
0.000046889551531128484	0.004402560725058615	0.07302627453363449	0.00030628131548771	0.001515726819957047	0.011021933463456654	0.004710684971031976	0.047245779242738234	0.41663767879742786	0.3457072431891	0.5689597116958001	2.6050556603746	1.5992310233286	2.7814792582506	4.6982993661745995	0.043199025482985896	0.010095135353766198	-0.1899051687064	0.2893065424170805