9.127759232135e-6	-0.000011642015792439999	-0.0006089228578921	-0.0002959576414937	-0.002501445562102	0.0003168653070997	5.526107392648e-9	0.001364997159933	0.4290331825094	0.00001147280687083	-0.0005799046929148	-0.002436640490172	1.56402698528	-1.549436656962	0.005898359358736	1.344212843311	-2.93786938054	1.565760485256	0.02700946581232478
-8.805895118703e-6	-7.947708008466e-6	-0.0003932125452928	0.0002567443412872	0.002008507567756	0.002371214487521	1.206951627294e-8	0.0012198105827820002	0.4266234566674	0.00001127464158097	-0.00041182018215440004	0.00198201773821	-1.06532923956	2.002338751726	0.006582957912907	1.403413929937	-0.2823724150844	-1.199753080475	0.04591591515355185
3.2993040528870004e-6	0.000044102977408680005	-0.000625494040963	0.0001591058417263	-0.002080389616672	-0.00042380842334469997	9.355308822029e-9	0.001223507559505	0.4280160649116	0.00005126689150075	-0.0006200945167734	-0.002280611651441	-0.6216530615421	2.580942263628	0.006739436780337	1.216190842998	-2.478740234373	-0.7979498688732	0.0479993066929086
-0.00001143201152446	0.000044142179234430004	0.0003363538920789	-0.0002609313209632	-0.002842249437819	0.001741578093358	7.437488672569e-9	0.001183685876787	0.4288540222392	0.00002234513912013	0.0003601146147603	-0.002807060223062	2.261898943411	-0.8359905621867	0.004068903750258	1.298107292843	1.006963637919	2.075921643037	0.044273968509981346
-0.00001427107463707	0.00006574981623943	-0.0004535701070803	-0.0002664493406394	0.002272066190711	0.003077531885909	8.134261360934e-9	0.00110375390789	0.4293199100287	-0.00003811324843806	0.0004355596643203	-0.00231408465284	-2.327386304101	-2.301520010345	0.005057485529931	1.352833926905	0.4329256732756	0.9796773585682	0.04178971544638285
5.57808094098e-6	0.00003829930214125	-0.0007670643325485	0.0001138559727454	-0.002231022114418	0.0046591470013610005	4.209062668215e-8	0.00146390392105	0.43061558771749997	0.00005959984164826	-0.0007659222561730999	-0.0019762548398910003	2.434453925519	-0.7577104409127	0.002544526416279	1.403545351768	1.181368851278	2.192077981347	0.04455518720571533
8.926078554851001e-6	0.00005404163026435	0.0005882054708806001	0.0001897867792194	0.002572709714273	-5.036709866748e-6	6.050339927442e-9	0.001272035260672	0.4279598764883	-0.00006371175477979	-0.0005947341831007	-0.002410706185719	-1.267416882541	-1.326885065426	0.006477568001504	0.7294516096533	1.136421747921	1.96418008845	0.06366595195996459
-7.523809910116e-6	-0.00001729638187816	0.0006632339092746	0.00029377617080730004	-0.002671349391881	-0.0009921521008011	2.415083090476e-8	0.001126535115681	0.4283060360645	-0.0000155829432822	-0.0006332030982752999	0.002612658102774	-0.6759391042092	-0.6891636230237	0.005043424536631	1.354983215538	1.485525500908	2.232774230152	0.0421927618017958
-8.088880067954e-6	0.000037647526743579995	-0.0001487043879717	0.00003577317449432	0.0010865700676750002	-0.005831025952515	7.983629575039e-9	0.001338165805267	0.4310127859947	0.000017128455388360002	-0.0001713611985111	0.0013453165836580002	1.046917436339	-1.979301040599	0.002993527002527	1.890705394528	-1.93652553959	1.310762296322	0.07170651965548744
-6.689702754252e-6	0.00003140198721213	0.0002428711418316	-0.0001721158513739	-0.002383340324633	0.0025156493068989997	3.66696386381e-9	0.001300452015881	0.428696951577	0.00004310583549572	0.0002122796907307	-0.002439586202967	2.034254140634	-1.00294387772	0.005982925292661	0.6515023456162	2.508827518479	2.346148191261	0.05313249958185808
-3.1043281193800003e-6	-0.00003839949565458	0.0008568517487889999	-0.00013640844141690002	0.0023739416731510003	-0.0042348068034309995	3.778895663334e-8	0.001454039417208	0.4304026188851	0.0000581314901348	-0.0008612219080961001	-0.002131430622212	-0.842922123281	-0.888747953314	0.002651834098518	1.358824602432	1.295884490215	2.117303980542	0.048118393939336826
-2.57200534053e-6	0.00006572890750849	0.0009996824608758	-0.0002302892578189	-0.001485524682763	-0.001219380116208	1.0000000000000001e-7	0.0011681446998000001	0.4280947669156	-0.000028786298537340003	-0.001	0.001325928943217	-2.573592992808	-2.591003619959	0.007808527325728	0.8058065833887	-0.8597090534978	-0.1337831176155	0.06432357821413294
5.823640494229001e-6	-0.00001755318267232	0.0005660343701878	-0.00029283624503220003	0.002300896850109	0.003185805883772	2.566622144248e-8	0.001568159917799	0.4248371246327	-0.00001196139130135	-0.0005505388789873001	-0.002375275706094	-0.7539781833629	-0.7511323471343	0.004628308296569	1.425406376048	-1.19550916692	2.139524695644	0.04816976519249293
6.209799925896e-6	-0.00004211230310363	-0.0000398853865394	0.0001390712347056	0.001181446529079	0.0028861459983470002	8.325815365565e-10	0.00141897981766	0.4293875864514	-0.00001177258491563	-0.00003101233547943	0.0009290094563939	2.07766904566	-1.026805797925	0.007569188426988	2.785042404398	-3.14159265359	1.924179922312	0.02390186387960905
9.054971018484e-6	1.59494074956e-6	0.0004772673750666	-0.00024332284403759998	0.0017297027159230002	0.005166947212245	2.717242038486e-8	0.00123737371752	0.42682356516340003	0.000028804830423120002	0.0004644631437353	0.001861941945394	-2.272741440125	0.9218065093382	0.002960708455385	1.608899815692	-0.3228710226697	-2.056112554949	0.03797037596781306
-5.184178592451e-6	0.00003062004988513	0.000538555926572	-0.000041023020550519996	-0.001747878755015	-0.005536400326313	5.675981924044e-8	0.001398345823596	0.43303365482670003	0.000053860475222869997	0.0005139332803395	-0.0014676015484800002	0.4752163518059	-2.717787487529	0.002258643248018	1.657053595593	-0.789878906637	0.9043153225357	0.03990945914518234
7.325551034829e-6	-0.00005082496294291	-0.0005401937166267	0.0002618020030378	0.0024356786306950003	0.0003241494742719	9.476859143608002e-9	0.0012945370874040002	0.4267648141654	0.00003503246557325	0.0005751627475736	-0.002558887166631	1.160819538864	1.16350280743	0.006038721262657	1.251659797995	2.912473303103	-1.858780103399	0.08673667472434621
-9.401124701333e-6	0.000046063974914980006	-0.0003394963189452	-0.0002209379890873	0.002638668583567	0.002087678799596	2.159730025611e-9	0.0012306956933810002	0.43055197668390005	-0.00002589464875199	0.00031692390927850003	-0.002731312674255	2.262275037771	2.19897215248	0.004500192615261	1.308793910972	0.03191869688949	-0.9789359012392	0.03048898382419122
-7.611807434337001e-6	-0.0000104282600243	-0.0005341211808067	0.0002859652640114	0.0022056007888610002	0.0008219119961880999	8.905677400763002e-9	0.001438083579303	0.4291506451664	-0.00001380626590937	0.0005515072422228	-0.002158626063516	-1.977742714539	-2.0256564685	0.007157545031048	0.6492039398023	1.265210388131	1.010924310616	0.04652388725490462
3.418151555121e-6	-0.00001963067269592	0.00003118169179325	0.0002078286122484	-0.002457345538287	-0.0019065992166020001	3.6720728029480003e-10	0.001333140099786	0.4280721617067	0.00002396237980172	8.978429130807999e-6	0.002440589808584	-1.431921905498	-1.336897451735	0.006310610269932	0.6793963537497	2.907740231816	1.967049026689	0.03022699827171695
-9.353209263025001e-6	-0.0000171204313128	0.00018780771225420002	0.0002648913557726	0.002563875329045	0.0006741922195362	1.754461448467e-9	0.001184196372106	0.42769288655800003	0.00002826161042119	-0.0002270144358854	-0.002722007439188	0.8856316816098	0.8990221219601	0.005652310788069	1.18192755329	2.857646978136	-2.104264807267	0.02319962718308885
-0.000012121508233450001	-0.000011868220855800002	0.0004273227561927	0.0002398678845259	0.002058391973821	0.004672734142042	9.328275371241e-9	0.0014473683680700001	0.4279073545973	-0.000024051107804119998	0.0004385842936426	0.001962633726839	2.087677288824	-1.123647919562	0.003673451659471	1.383212380374	1.970595829963	1.970307048296	0.04056319412391521
8.279697834137e-6	-0.0000238527215751	-0.0006239855470016	-0.00029750467398109996	-0.0026639386856780003	0.0009710175655801	2.878654514124e-8	0.00107045983769	0.4280367533096	-0.00001313586100753	0.0006467178292302	0.002670986819842	-2.318537896084	-2.306917978792	0.00500276844745	1.340280694211	-1.577264727943	1.036692220274	0.0426491550534715
-8.44780724047e-6	0.00003572362252367	-0.0000833769358474	-0.000013540526183240001	0.0007085284531522	-0.005945829079347	6.888292087646e-9	0.001400757798555	0.4312183566987	-0.000013988923969120001	0.00009898856834011	-0.0009619455713943	-0.9782248719266	-0.8140867412573	0.003525128011115	2.506127976903	-0.1315940973591	1.803024217492	0.058728233737873635
-0.00001011905309302	2.2486823297760003e-6	0.0006565828640042	0.00026995302951580004	0.0022032769172709997	-0.0002081224101718	5.472783657506001e-9	0.0012573828596670002	0.42841400512410005	0.00001678675201282	-0.0006551621534077	-0.002287732181958	-1.135629552872	-1.078199458626	0.006671566577146	1.22903468292	-2.186181960553	1.952484739152	0.030862152429879636
-9.882618508529e-6	-7.777813501556e-6	0.000351834364322	0.0002026273516452	-0.001398881686751	0.001708774607559	5.490831459732e-8	0.001512144520321	0.4284143577864	-0.00001542837262267	-0.0003558843561776	0.0012108145467680002	2.281097579967	2.228687885579	0.007934070114873	2.104666319448	-2.673501502907	-1.209636790348	0.059133677804221164
-7.288341092458e-6	0.00001305733865053	0.000465730493338	0.0002604324672171	0.001584687508794	-0.004862428881657	2.831530546098e-8	0.001453682146279	0.4247355693468	0.00001473655161468	-0.00045424751371510004	-0.001708790056995	-1.979099008351	-1.92215154285	0.004197307584202	1.725200911804	3.14159265359	1.277212208494	0.04459255803032842
9.965731716687001e-6	1.613136495249e-9	-0.0003324042613447	-0.00020092550069160002	-0.0015254466454190001	-0.00155100595729	3.955442130417e-8	0.001248550863688	0.4259313280272	-0.000019841896916529998	0.0003370092037204	0.001363657923166	2.284087139335	2.191655752771	0.007866632866349	1.96853357425	0.6082136112687	-1.18201421778	0.05260771290878225
8.911440469746e-6	-0.00004329014180519	-0.0003174255876151	0.0001771664873057	0.002513941725834	-0.0005653638844727001	3.4420449572989997e-9	0.001425795562671	0.4269236418257	0.00005646861986856	0.0003403333716409	-0.002514031101208	-2.085720443158	-2.180668113034	0.006556210458022	0.6376453739943	1.144430655777	0.8537654103347	0.04533988144699292
6.432917215564e-6	-0.00003339319824927	0.0002555252438069	0.0001558271545081	-0.0024279026644370002	0.001085994959817	2.753526228811e-9	0.001303421477805	0.42687223734290003	-0.00004998056435391	0.0002782974432697	-0.002373084081689	1.020023252076	-2.228457308556	0.006789749766944	0.6087777705871	-2.210650474379	0.7607784924217	0.05053234515056266
-9.286089619582e-6	0.000010071901852270002	-0.0003397202337347	0.00019178739572869998	0.001827715879833	0.00110425450444	2.1010056500230003e-8	0.001224486708696	0.42611594512530004	-0.000025435509434630002	0.00035592398517660004	-0.001665989408756	0.5556448970884	0.4679386251033	0.007908800400933	0.8225764380622	-0.4984079641918	2.836302831578	0.08610037949622451
-9.139976725208002e-6	5.159048725588e-6	0.0004676956135576	0.00026135103593140005	-0.0022049571647959998	-0.0037503057502880003	1.963215536271e-8	0.0011545582887400002	0.42947172155290003	-0.00002762949521127	-0.0004451866445387	0.002250088620876	-0.5042778020351	-0.4380679616151	0.004263211735112	1.402328240088	1.612907229236	2.305431358733	0.04230027506446435
-8.493531926216e-6	8.818666388722999e-6	0.0002913485671121	0.0002742561105596	-0.002579875397684	-0.0014588740985240001	9.202830113181e-9	0.001136059795627	0.4292892464898	-0.000026196862101289998	-0.0003282203957456	0.00270648606913	0.7148036216891	0.7081698203927	0.005094071922675	1.274880950472	-1.819227851414	-2.147956644951	0.03874433837450854
-4.68127701536e-6	0.00003084178928241	-0.0007088680434752001	-0.0001101093626234	0.002194183671868	-0.004615073039226	4.219271361927e-8	0.001309547296347	0.4244645274551	0.00005438518250189	-0.0007085492787688001	0.0019252224255510001	2.441722984816	-0.7397632709261	0.002984952531148	1.413026270637	-1.701413118643	2.187598777804	0.04478395935084116
-0.00001040518456502	-0.0000394813420167	-0.0004604316969968	-0.000183707507265	-0.001797817236247	0.005135726302731	2.145046241165e-8	0.0014460654658779999	0.4249028769721	0.00004113912623591	0.0004756580317325	0.001979827635079	1.02929361876	1.094507854485	0.002526025931779	1.551976365366	1.690914813271	-1.937285204463	0.055114152358718235
4.1497634553060006e-6	-0.000033361330271660004	0.0007787552421984	0.00014479784585430002	-0.002380936427566	0.004208553612888	3.403633719542e-8	0.001287343364505	0.42483430735539995	0.00005553504293197	-0.0007804629823039	0.002131687371417	-0.8492826622987	-0.8862779829984	0.002945281816177	1.367396450814	-1.729370767184	2.11494048092	0.04395550161085833
0.000012343319768259999	0.000044536741347179996	-0.0006086728641078	0.0001627077691209	-0.002060786452198	-0.0045860049295719995	1.707399081477e-8	0.001450948835398	0.4252024548953	0.00005155982894077	-0.0005986651553185	-0.0022717226709370003	-2.269801685382	0.9281361131315	0.00268388934985	1.395441718306	1.88607509787	-2.103017622592	0.04412078351080761
9.453558474134001e-6	-0.000019389606374590002	0.0005861512259965999	-0.0002900992700978	0.002409500887668	-0.0001752477603347	2.0361480494970003e-8	0.0014194817798090001	0.4270431055986	-0.00001239736691145	-0.000603839191204	-0.002369357087024	-1.294161164397	-1.298906476289	0.00610144658374	1.454330540854	-2.62034394574	1.795951440602	0.03822442630523524
2.67949033964e-6	7.919044410638e-6	8.811139851505e-6	-0.0002117382056252	-0.002388264703041	-0.001511619570503	2.368396957584e-11	0.001279534263724	0.4273713177106	-0.0000117946081513	-0.00004495834218226	0.002461745111485	1.966377803278	1.87808484384	0.006685309241903	0.3089105840159	-0.3930897723761	-0.9328959433372	0.009989312678741369
-8.715910039529999e-6	-0.00004862619327397	-0.0004131031081859	-0.00023465302887850002	-0.0024314536920380003	0.001139585688728	4.275022849174e-9	0.0011385753745060002	0.4293110727951	-0.000045689810090420006	-0.0003817582477081	-0.0023295680802719997	2.951597454532	-0.1202443205025	0.006443652074644	1.043729894705	1.762112612286	-3.053439141443	0.04295936459950064
-8.524429879398e-6	4.308546136953e-6	0.0003750475410133	0.0002033921803654	0.00140814632591	-0.0057248501012860005	2.6394693088e-8	0.001192069518929	0.4318274085479	0.00001763874628507	-0.00036102542775789996	-0.001590161958705	-0.6734845998576	-0.5834143939409	0.002295309958957	1.683819320159	0.3486888121285	2.10894246198	0.049027048358306055
8.993435179389e-6	0.00001401775123694	0.0003224444073993	-0.0002116630684037	0.002010261906756	-0.002003223229345	8.093421154296e-9	0.0014342736924020001	0.42704920195670004	0.00002118457401504	0.0003409620416093	0.0020002094916800003	-1.195734448734	1.847531334558	0.006779072705589	1.483260160977	3.14159265359	-1.303273994105	0.04667293652485493
0.00001142217281503	-0.00001246736708089	0.0003037773723799	-0.0001556768568647	-0.0016390773827609998	-0.001461966007139	3.122504841449e-8	0.0012683894929840002	0.4259119910367	-0.00002445507451344	0.00031865415609499996	-0.0014418780925150002	-2.36989807833	0.680104155451	0.007801159747065	1.849622687339	-0.556479408018	-2.00480146975	0.05311012059867486
9.418424483032e-6	-0.00002017081551503	-0.0002933236403999	-0.0002431958026034	0.0023329361688580004	-0.0007332067495243	4.3195904893170006e-9	0.001402628105304	0.42933608395660006	-0.000027822600522430003	-0.000326436102483	0.0024165904534539998	-1.283594762589	1.789054565684	0.00628814157912	1.333048789147	3.14159265359	-1.353825651917	0.03482852223790425
8.225460301422e-6	-9.695969357293e-6	0.000477966232323	-0.0002436124075864	0.001486640564136	0.005640279452859	4.261751545983e-8	0.001132102072829	0.4323461808601	-0.00002126865021063	-0.0004700914370716	-0.001657898958314	-2.581707363375	-2.524077227384	0.002260689813491	1.58782822665	-0.7676723746616	0.9728400820774	0.049847496279808744
7.5691190396e-6	5.245313952890001e-6	-0.000432510551418	-0.0002416002128276	-0.002028274182377	0.004255606332141	1.896210181838e-8	0.001186029816362	0.4291027695342	0.00002418169523509	-0.0004118379352809	-0.00211148448789	2.573524293543	-0.4942980119214	0.003976755138062	1.461983339632	1.641645967527	2.244207274372	0.04639598762191337
7.650439615391e-6	-0.00001087945217507	0.0004721644950428	-0.00023854257297760003	0.001465566102929	0.005648122792835	4.311758892286e-8	0.001134594780462	0.43226369904760004	-0.00001864253313379	-0.00046421069998730006	-0.0016408712462660001	-2.60730678504	-2.547200564339	0.002329480328123	1.589526585393	-0.8758096428793	0.9694526208188	0.0539785783870441
-9.428039855283e-6	-0.000038340094833700004	0.0005173662201881	-0.00013324178704690002	0.001894895504582	0.004950051044698	1.355865337523e-8	0.001407701942105	0.4260800316948	0.00004218863129499	-0.0005071160915387	-0.00211511141142	-1.148837990709	-1.080625182885	0.002472300241562	1.468977293714	-1.809633759317	1.895117455634	0.047226476708917026
-9.910516508666e-6	-4.38628795435e-6	0.00046349648511230003	0.00018641408996830002	0.001362274445191	-0.0056765694378499995	3.865911467573e-8	0.0012172152842770002	0.4323401773402	0.00002526995098434	-0.0004523465217593	-0.001559988631402	-0.5186695138277	-0.4468830332279	0.002533614804905	1.603765417483	-0.03575014689749	2.199755782308	0.05458891320340635
-8.82155499418e-6	-8.120275670878001e-6	0.0004903291729858	0.0002539885675234	-0.001561480729693	-0.005532479913447	3.900888549708e-8	0.0011285900798940001	0.43137811735340004	-0.000025029087046400002	-0.0004818573557695	0.001718067317111	0.6858539274667	0.7372817662101	0.00230284026782	1.602588952022	-0.4777946651346	-2.127513350857	0.04272477775322648
7.289224764659e-6	1.1201569924830001e-6	0.0004952191482625	-0.0002863208849536	0.002767817767729	0.0008177337045049	1.076028806944e-8	0.001580509690161	0.4284802426653	-0.00001821776626416	-0.0004622191299324	-0.002660451032542	-0.6854867525549	-0.6832179520344	0.004867306966163	1.364183267212	-1.495283624459	2.248864888438	0.04335351371531326
7.137540115602e-6	0.000039696913953560003	0.0004082459679357	0.0002450885581508	0.0027538454656770004	0.003189666869439	5.565423723614e-9	0.0014891408887690001	0.430950162932	-0.000049058481941730004	-0.0004361836414387	-0.002652244195778	-2.315349459484	-2.373207559999	0.003214576337785	1.220063158461	-0.6240456534165	0.974617102685	0.03482352979589117
-0.000010085836800060001	5.090395728634e-6	0.0005327675407265	0.0002747043631104	0.002494586597495	-0.001002671632972	1.2114817102320001e-8	0.001518801704001	0.4256728386319	0.00001489308975069	-0.0005606753589648	-0.0025758013208400004	2.116246474315	2.099831590654	0.005657875914435	1.317590397965	-3.052408160174	-1.147123113375	0.042597506639893444
7.919617373854e-6	8.158746133525e-6	0.0002823477995488	-0.0002818030185316	0.002539085137964	0.0012080783985920001	9.064632245577e-9	0.001579485372464	0.42666558924660003	-0.000023121638979759998	-0.0003155279152644	-0.0026505429008960003	0.6425390892606	0.6360811731208	0.005456239647816	1.275375921061	1.27781385442	-2.182666066413	0.04316595116508136
6.16986119712e-6	-0.00002809060223757	0.0005859303686013	0.00009815540057963	-0.0021092845861690004	0.004801995715438	3.445364050902e-8	0.001456364321061	0.4317859721655	-0.00004807216219481	0.0005860960380095001	-0.001862832222789	2.53762623515	-0.6674799127708	0.003031140345016	1.42074539213	1.375718784457	2.226159002982	0.0457637993723278
-9.071021482124e-6	9.209151591005e-6	-0.0003909279806515	0.0002503079752572	0.002368492913054	-0.001664249637253	6.772186170651e-9	0.00124663552852	0.42829813901850006	-0.000021796587812189998	0.00042989245573329997	-0.002529251161301	-1.089460692863	-1.099999569357	0.005720473866842	1.28632827359	-0.2033788397842	1.939842680673	0.041118643487109356
4.015364553893999e-6	0.00004177401059194	0.0008698089754182	0.0001382556130433	0.0023710256398170003	0.004229470198253	4.0427323891870003e-8	0.001287083012541	0.4236940237563	0.00006402896024993	0.0008690213067269	0.0021184464713310002	-0.7395257811871	2.367388724109	0.002783156192651	1.348162855733	-1.9452736752	-0.9446750567955	0.044804869006099785
-8.336357637706e-6	-0.000012402792338530001	0.0003464262662094	0.0002346726614026	0.002152747253948	0.003850260454336	4.908540872134e-9	0.0013580774169780002	0.42804928424680005	-0.00002097350709665	0.0003655395380686	0.00212828854976	-1.598641346298	1.451663250527	0.004710653240501	1.369109901538	-0.3504046221735	-1.597556060929	0.03928148072366781
-6.123683901736e-6	0.000011847772783670001	-0.0004642315141709	0.0002340645005402	-0.001528105645963	-0.005538151203737	3.676895096043e-8	0.001164202821182	0.431967300799	-0.0000139809760655	-0.00045428559894210004	-0.001702514169563	0.6400167788392	-2.438752484439	0.002384093549199	1.608337214293	-1.083986476844	1.016484512979	0.05857172013422369
-9.969406185762e-6	0.00003501302133673	-0.00017643840843100002	-0.0001870152177568	0.00237628016764	-0.001040548103453	4.0367982785560005e-9	0.001560376483794	0.4286286759206	0.00003804223633879	-0.00020857096666960002	0.002359908000084	0.06955672604259	3.113295231843	0.006541651365822	1.109251424872	2.013612275684	0.5631854898637	0.030760646555491145
-9.391702468475001e-6	-0.000035274530144989995	-0.0003085549590224	-0.00019797159526360001	-0.0024813139366180004	-0.0001169933961165	4.286454393997e-9	0.0011657786766000001	0.4279661625469	-0.00003284118412133	-0.0002789281015053	-0.0024434502989240004	-2.874268534789	0.1775349162066	0.00614326301892	1.338591674045	-0.9232025034977	-2.571720892281	0.0389590099529855
-5.406789928804001e-6	-0.00003615393425303	-0.0006786394703807001	-0.00009872838014469	-0.002090996350932	-0.004987514035621	4.189658613506e-8	0.001456559832607	0.4314575842762	-0.00005365874626529	-0.0006613373195125	-0.001831143649063	0.5695164714404	-2.620220027745	0.002393587163955	1.451384865399	-0.7006563446341	0.8826304294125	0.04758317575954016
7.325758340801e-6	-0.00001280211774514	-0.00042022282436230004	-0.0001641243139635	-0.0008660671819053	0.003466612156652	4.788661514717e-8	0.001244957203634	0.429848698363	0.000011137876910740001	-0.0004154176034061	-0.001108308092551	2.225175846228	-0.8328851199093	0.0072059003621	1.964981028518	-0.9453502204993	1.935623516959	0.06417737364941042
-6.419862567445e-6	-0.000010554530573350001	-0.00046576765694560004	0.0002414614717469	0.0015706490758210002	-0.005522314708319999	3.4024751320939995e-8	0.001176564036101	0.43195309687010003	-0.00001654163056376	0.0004555952248509	-0.001735049632275	0.7358008274309	0.795607320644	0.002213188036559	1.620795678888	-0.8732740844483	-2.088081825692	0.05159972096845534
-0.00001075112953378	-8.396660374768e-6	-0.00033225442605510003	0.0001971542763555	-0.001737898564637	0.00134375918549	2.586543505788e-8	0.0015253186657169999	0.4276215731904	0.0000213109130166	0.0003398495018024	0.001590598956039	2.33805969687	2.256904792186	0.007624975548023	1.744941685954	-2.601947397552	-1.122116537002	0.05366784886189271
9.090664338925e-6	-0.00001136234966672	-0.0004744240234792	-0.0002423992395213	-0.0013814038581220001	0.004170062823177	2.864579146904e-8	0.001449505500119	0.4257601078689	0.00001736511309838	-0.0004663322158882	-0.001545452378259	1.139028287391	-1.951936408021	0.005770689394385	1.714211596673	-2.727897122977	1.262373660478	0.0418167880411139
6.680123866718e-6	-0.00003905908648833	-0.0007369084871872999	0.0001662441542456	0.0024642673229569997	0.004112924745804001	2.489107203753e-8	0.0014922117937520001	0.430940795585	-0.000055756091877070004	-0.0007368809045679001	0.002246323458529	-2.411003623237	0.683453929679	0.002706500943166	1.330344026825	-0.6147602813888	-2.210134397505	0.04375798284706831
8.42716424415e-6	7.734596275156001e-6	-0.00027867433292940005	-0.0001916180173278	-0.001821236158331	-0.001303088751692	2.132823619835e-8	0.001254802827932	0.4261403867345	0.00002109166634877	-0.0002973596600138	-0.0016751087903410001	-2.249400725651	0.7955866847514	0.007500155790635	1.748171871449	-0.9331133795835	-1.963555825921	0.05093961821137902
-6.931525638429e-6	9.388867598213001e-6	0.00027284388561130005	0.0002978231107778	-0.002495066639819	0.001523038024694	3.756249050618e-9	0.0015793831190030001	0.4285818271831	0.00002853678605431	0.000304053703583	-0.002563510094254	-2.429794889342	0.6895242070482	0.006179515406883	0.7238447618207	0.535303285789	-2.794918207353	0.04378315136520182
6.940897365964e-6	-0.00001046541891623	0.00045034124482440006	-0.00023489646973789998	0.00140691706203	0.0055938297924380005	3.47670016041e-8	0.00155156715708	0.4228756162669	-0.00001091233611827	-0.000437857812648	-0.001593959769772	-0.7261887389664	-0.6690657779159	0.002842877985598	1.666341293939	-3.14159265359	2.083045125555	0.0664591687078928
8.659367687143e-6	4.316038149261e-6	0.00044182203861550004	-0.0002186685722575	-0.0012775878030350002	0.005377120346885001	3.5543166488370004e-8	0.001530199751792	0.4241023283422	-0.000017375400479010003	0.00042927526640039996	-0.001486848203439	-0.7642917091807	2.436147434818	0.003820842275813	1.71815951385	2.777150124327	-1.076014851337	0.055941946992124035
-9.341251686950001e-6	0.00003645292898662	-0.0007222033957589001	-0.0001237968039461	0.00189826753266	0.0048399919629290005	2.3439763174e-8	0.001382872538445	0.42607396958520005	-0.000048499529109950004	0.0007179461347122001	-0.002145529093708	-1.190860620852	-1.139377439308	0.002535635623176	1.429672528182	-2.052521390207	1.868540562174	0.04623743127870679
-9.670731374261001e-6	-0.00004002606625212	-0.0007771022152985001	-0.00015301492768030002	-0.002074039508835	0.00443112502274	2.535931058574e-8	0.0014217766848380001	0.4251789095191	0.00005265085462359	0.0007742026133614	0.002304795555255	0.9894455186985	1.032091714726	0.002799281794522	1.377133036586	1.826004068754	-2.019946285647	0.04825024711036343
8.348714466934e-6	-3.159560428112e-6	0.00035855168159560003	-0.00028366653780579997	-0.0026164124910300003	0.002047318820048	1.115349939141e-8	0.001583413000088	0.42576314907890006	0.00002042598485746	-0.0003907385991354	0.0027147568384329997	0.7181937073906	0.7302960844739	0.004686448350402	1.285734761254	1.482336409855	-2.164475678748	0.04495237135431593
9.99171351936e-6	0.00003906079054539	-0.0004624753754439	0.0001845962509888	-0.001860833624062	-0.005003249169519	2.044148741882e-8	0.001465984793963	0.4248080495549	0.00004081135466702	-0.0004810040269409	-0.002045359345642	-2.221775300823	0.9819843215887	0.002663059553751	1.499929381884	1.700057681541	-2.009560151746	0.05727301774731583
7.998818761525999e-6	-0.000010217354578930001	0.0005025154923718	-0.00028535881340410003	0.002665343670281	0.0023196251296389997	1.712754873055e-8	0.0015725057145050002	0.4257875017387	0.00001172083083382	0.000528906172501	0.002714393060435	0.8002818823491	-2.317760816031	0.004193012694258	1.313963476497	1.65409672058	1.015988764895	0.05102792398114621
6.011002006557e-6	0.00004202976000178	0.0006868427923574	0.0001285811511479	0.002299880238909	0.004463749823772	3.087925058583e-8	0.001276124378359	0.42405086008230003	0.00006053364758049	0.0006848767794383001	0.002055217516493	-0.6540888694782	2.442172222329	0.002850520089564	1.360429619824	-1.918399099853	-0.8965882184126	0.04249610020831894
8.262283241176e-6	3.126602116332e-6	-0.0003518614266803	-0.0002823308973344	-0.0025849038566370004	0.0018384615545909999	1.1401885823930001e-8	0.0015778545409980001	0.4258293378364	0.00002035879869603	-0.0003836193868957	-0.00268424408638	0.6821516458756	-2.453165368167	0.004939432583562	1.283880403686	1.431011541629	0.9613959474638	0.045578356817819736
-0.00001011978545783	-0.0000767755657603	0.0008855146833367999	-0.0002366384133616	0.002121865914556	0.0003853699557803	2.0308529047400002e-8	0.001152153296703	0.4278182703258	0.00006112237504163	-0.0009012260754111	-0.002234000658609	-2.528203186133	-2.492743828644	0.006607633697654	1.208706710779	2.791008540579	0.8341392253626	0.07405516344503306
7.961665646221e-6	0.000039269651165099997	0.000301804212202	0.00022419535369820002	0.002585867867163	0.000174500461838	2.607040437635e-9	0.001205067152587	0.42822307116430003	0.00003868624744184	0.000260332503461	0.002372268227321	-0.8420912946483	2.291419126704	0.006540514873918	0.8775730110817	1.660066364537	-0.6027405669605	0.041259242230598306
-7.2472338131470004e-6	-0.00004352394436302	-0.0007285957980820999	-0.0001219893262372	-0.002092201671574	-0.004967131629521	5.416041420256e-8	0.001278775953398	0.4224747225396	0.00006079633140194	0.0007285781008113001	0.001843637599629	-2.720098142293	-2.764011430201	0.002614407469092	1.385012594442	2.542066666485	0.7938170852368	0.051326094111070954
4.843405046207e-6	-0.00003864774752734	0.0007715622781419001	0.0001188582025545	-0.0022439386658970003	0.004602122919144	4.193727134684e-8	0.001278661274888	0.4239235495772	0.00005949570315809001	-0.0007680268796202	0.001985640149493	-0.6655476145465	-0.7046614747323	0.002598627465	1.388599946411	-2.128267698562	2.226009978132	0.04576257795173938
6.880540890121e-6	0.0000327739673996	-0.0006140786042576	-0.0002626929116904	0.001642466668826	0.005389999876902	5.168471933587e-8	0.0011349717561190001	0.4320493171101	2.945614435182e-6	0.0006116050272231	-0.0017771120921640001	-2.504894186289	-2.46340448179	0.002326059287874	1.510321060558	-0.5070254578387	0.9942986264556	0.06256297326463708
-5.710144893463e-6	-0.00004499341434496	-0.0007237878349432	-0.0001544104901348	-0.002412187230251	-0.004267201126603	2.531500171298e-8	0.0014736970428980002	0.4305594998414	-0.00005933695116612	-0.0007278171722241999	-0.002197448980737	-0.7236194085256	2.362917669794	0.002571417091149	1.327754229088	0.8954438501439	-0.9316606866266	0.045646220634764464
2.804043643865e-6	0.00001605216000487	-0.00002026250521698	0.0002002971055115	0.00247812957496	0.0001346905936865	5.541441866325e-10	0.001389064315937	0.4279679293173	-0.00001348792176474	-0.00001888172397762	-0.002295426474893	-1.820121605481	-1.766403735665	0.006595901433365	1.153176327043	3.14159265359	1.622858732631	0.044920489163763185
-2.853449210175e-6	-0.000013783810932340001	0.000031643673759729996	-0.000183251374094	-0.002276883550604	-0.0007498032792584	2.534785946563e-11	0.0011839815892920001	0.427591628969	0.0000178520023159	-0.00006887835575628	0.0020575679155179997	-3.135322633916	3.097865909411	0.007345302392967	0.5380269119351	0.3742405656438	0.1247079465849	0.010144788775285333
4.7634848080770005e-6	-0.00003370350449435	0.0007102162463082	0.0001056226766039	-0.0021821778114780002	0.004648786586842001	4.095661896463e-8	0.001465783221145	0.4321264474127	0.000053486728934780005	-0.0007096006328442	0.001931106892766	2.649002502645	2.595900589014	0.002973439919694	1.346595874847	1.223517345075	-0.8206219816078	0.05118174378310179
-8.021837745508e-6	0.0000276209084629	-0.000758394858321	-0.00008134927653297	0.0015991099523250001	0.0052407710241740004	3.920086855996e-8	0.001397700491051	0.426015790697	0.000044922543731219996	-0.0007685898647907001	0.001871335737965	1.092223889385	-2.013752357351	0.002487408271545	1.48652150315	1.693367274365	1.224078757693	0.05089566833048805
-9.298684495196e-6	-7.002749948514e-6	-0.0003488101261309	0.0002347950343696	-0.00195637835896	-0.004377022549092	1.438707749464e-8	0.001155219949131	0.4308353580842	-0.00002495356518377	-0.000325757134916	-0.002047129924907	-0.4414551147378	2.783293672312	0.004163356900646	1.451777449379	1.587979632224	-0.833948615619	0.040678816735389436
-0.00001057293920718	-0.00001191272227287	-0.0003346141699336	0.0002225493148	-0.0017547514723460001	-0.005028960215266	1.629642111945e-8	0.001599300962863	0.4220981525706	0.000024766890702590002	0.0003164172570823	0.001897075134012	2.804223132489	2.879554658265	0.003599486636832	1.44385520739	-1.858524606424	-0.79942030337	0.04912407116479396
0.000010512817555060001	0.00004053099378972	0.0005756449688644	0.0001414588726961	0.001976360857025	-0.004792692798624001	1.523296747277e-8	0.00140846707864	0.4249050174746	-0.00004659104136812	-0.0005662917548121	-0.002198420387477	2.117506060899	2.180402220539	0.002518943132308	1.425664486857	-2.086772674345	-1.152583008523	0.04542431664099101
-6.442746240316e-6	0.000010156186717899999	-0.00047716483271490005	0.0001941399881015	-0.00127186122094	-0.005093805382365	3.7062590085639995e-8	0.001226301344213	0.43068802800280004	0.000013300335240120001	0.0004668158194166	0.001484881607633	-0.8571349478821	-0.7799093735899	0.004393480288777	1.716015200445	-0.4180099896362	2.012714405705	0.05989615529254852
-0.00001090754603841	0.000040847863118140006	0.0003937213577339	-0.00019441306713080002	-0.0019524757086460001	0.004888322678535	1.473119300537e-8	0.0014596113873579998	0.4248405207584	0.000040926451631490006	0.0004102980145881	-0.002098239097495	-0.9418829317736	2.281598193712	0.002686201982674	1.500728018796	-1.648317243862	-1.140596652924	0.051064548313984416
7.5409415590170006e-6	-9.418789365464e-6	-0.00046832176151650004	-0.000194713725654	-0.001163128697873	0.00403249742397	3.2119328304420005e-8	0.001471402161123	0.42518868629510004	0.00001159980582635	-0.00045527136461	-0.00139803389798	-0.9292240633905	2.270871854283	0.006317169087094	1.721446409066	2.418768727954	-1.160261841371	0.06088479875935482
5.939634917762e-6	0.00004120335547014	-0.0007234747744673001	0.00011617108002430001	-0.002148509026501	0.004851460343536	4.2756364327200006e-8	0.0014848797127460002	0.4318722116682	-0.00005645675858779	0.0007057658693106001	0.001897305687271	-2.756271377074	-2.802955643305	0.002647975437459	1.354547368577	-0.7732373880074	0.747484945891	0.05324633517306032
9.983830051995e-6	1.779120760504e-6	0.00044897661261470004	-0.0002422177703549	0.001825035692483	0.004571906005641	2.972427014805e-8	0.001139098224038	0.4312640630154	-0.00002615471381798	-0.0004354867382337	-0.0019401161608840001	2.899881603111	2.966156133325	0.004262499765852	1.36384568555	1.398571494806	-0.7606012378315	0.05160826118457003
-9.159606436283999e-6	0.000019937209048230003	0.0002452790252908	0.00020929386099130003	-0.002059016077335	0.0043312106262440005	5.123639596591e-9	0.001445802738003	0.4299101160152	0.00002549629321619	0.0002699074053898	-0.001997481069082	-2.038099796954	0.9967448755981	0.004211300599614	1.458900838652	0.08038680410249	-1.886381715173	0.03663688447121247
-7.128411078849e-6	-6.48754758551e-6	0.0004559566405945	0.00024362050710659999	-0.001753586507168	-0.005012551355859001	3.008220080205e-8	0.001155609813983	0.43165549190130004	0.00001789238460306	0.0004430525985849	-0.001877086824029	-0.5261598310631	2.686040673591	0.003307343920307	1.508027124034	1.450379267892	-0.9287294270446	0.05409010962661936
-5.7866189104690004e-6	-0.00004413654098889	0.0008467149391388001	-0.00013246698596270002	0.002313010952629	-0.004436961527007	4.575999722021e-8	0.001266434627355	0.4230381307061	0.00006590449239232	-0.0008454668241910001	-0.0020587040833820003	2.602510574927	2.567160800385	0.002788316131988	1.327907468034	-2.248156616264	-0.8166992588463	0.047121895381597875
7.394879728555e-6	-0.000039998533683939996	0.0006948342525070999	0.0001690794452038	-0.00249301920426	0.004031712407489	2.386116278337e-8	0.001248489550448	0.4239747958484	-0.00005878755330102	0.0006985989978446001	-0.002271173456867	-0.6439842979809	2.453513534077	0.003024516006863	1.296606645841	-2.158742602856	-0.86368575192	0.04142647622238957
-7.447571009395e-6	-0.00001229755848871	-0.0002262042816836	0.0002590514710208	-0.002505110646854	-0.0019413532073260002	6.544417668376001e-9	0.001162392986958	0.4293097110909	-0.00002428326080071	-0.00026512235586010003	-0.002663671495029	0.6933399608479	-2.451224047652	0.005115193519764	1.260945557621	-1.874789068313	1.001301942204	0.042090204673808376
-7.230673309212e-6	0.00001821600875206	-0.0002362741752944	0.0001705450378551	0.00206474919425	0.004524250736773001	2.079908429865e-9	0.0012318989761150002	0.42441741537169997	0.00001891575996227	-0.00020019641498610001	0.001830475752763	0.6494143841254	-2.510785578429	0.004195922827628	1.512475244578	1.368412027252	0.8435579602998	0.03638400473069741
-9.189171626535e-6	-0.000020692156277140003	0.00019077580008490001	0.0002178361168418	0.00217812112926	0.001232482291834	3.343834319398e-9	0.0014516918779140001	0.429997598027	0.00002529383917758	-0.00022232413031090002	-0.002197076278263	2.133855653736	2.037220367202	0.006725248347103	1.373156758802	3.12714284593	-1.176657536734	0.03416458637391211
-9.457773936515001e-6	-7.137744859897e-6	0.00035052754958080003	0.000223368050662	0.0018435822547930001	-0.004790867226191	1.570610099344e-8	0.0011638892955830001	0.4309435604806	-0.000024465117127470002	0.0003294459413316	0.0019608329770870003	-0.4430410618583	2.783542235158	0.003675340843127	1.471116318797	1.458700666083	-0.8467721182459	0.04287632324328727
4.475815634259e-6	-0.000041218576907249996	0.00041688877283420003	0.0002146487650729	-0.002359080329547	-0.0002558052245	6.169327190718e-9	0.001583522436323	0.4255419791196	-0.000038225926981620005	0.0004354071177346	-0.002322507868487	-2.643251149579	0.5792657211456	0.006591973312956	1.163069521105	-1.59433350252	-2.396989784327	0.07586789992517265
8.660611378713001e-6	-0.00004501793557826	-0.0006153201648670999	0.00008916031522317	0.001940513003204	0.005238118196105	5.1828977168860005e-8	0.0014499915851109999	0.43230620774879996	0.00006207917410075	0.0005931190916634001	-0.00168463139336	-2.914244658107	-2.962762644675	0.002667211875993	1.405848672392	-0.6795026848649	0.7099389744224	0.04633462957475525
-0.00001004492048575	-8.822775424435e-6	0.0003564306778591	0.0002337193888734	0.001959469053226	-0.0044078013226600005	1.494852391451e-8	0.0011520489945550001	0.4311584038209	-0.00002652434132496	0.0003341109077606	0.002054783821792	-0.3734891835316	2.849595755804	0.004124368803293	1.415527894421	1.496883990689	-0.7901636634683	0.0414899875266889
-9.493448539291001e-6	8.205448400275e-6	-0.00043307795350240006	0.0002183877387819	0.001600529681234	-0.0053342571151960005	2.3336926325770002e-8	0.001518764025683	0.423267616778	0.000024930677142220002	-0.0004184523893962	0.001759002690775	-2.402742636566	0.8088463977113	0.002965367723017	1.58879488089	3.14147702286	-2.12391142902	0.04819147323649952
8.928732677456e-6	0.000041057082589530006	0.00006867182354952001	-0.000030955526815140005	0.001221203414526	-0.004050742427547	3.317460071768e-9	0.0013615401295730002	0.4257681688748	0.00002081284892923	0.0000826065357826	0.001150991314528	2.103939544214	-1.27925519594	0.006512219890844	2.229958303044	-0.4145540229619	1.834974177628	0.03996300721093941
-5.8799119075409994e-6	0.000038034778975369996	-0.0006414967197474	-0.0002080608564593	0.002624521748571	-0.003639659517272	1.541340820346e-8	0.001503052284941	0.43065532958770003	0.00005021251240724	-0.0006584281551	0.002449424019969	0.7652134452059	-2.422369796472	0.002995228372226	1.267387527588	-0.7133373264427	0.9451175845881	0.046899540763029726
9.640699876455e-6	-0.000038159120084230007	0.00039896572690740004	0.0001873042772121	-0.001974481702659	-0.004890636845766	1.392787305311e-8	0.001474974851451	0.4249809201041	0.00003966877778945	-0.0004224679416181	0.0021501979737490002	-2.249088651367	-2.183954931041	0.002491909918374	1.446745774634	1.986506575714	1.106737940446	0.052922734024662625
7.247654667323e-6	3.192462539403e-6	0.0004207802684123	-0.0002410684784919	-0.001598844522806	0.005464314593542001	2.8300889652440003e-8	0.0015728781305170002	0.4222548439968	-0.000016153204020220002	0.0004070692964213	-0.001757480758769	-0.6072125018107	2.592503853695	0.002542901889667	1.585717379344	-2.04790968292	-0.9809521197295	0.059891926967759405
7.296000945463e-6	3.412645317971e-6	-0.00042453773709240003	-0.0002585294443615	0.001788728330743	0.004939697440372	2.525384935542e-8	0.001586555929863	0.4229288576078	-0.000016875921756160003	-0.00040944307140429996	0.00191442329091	-0.5757507442386	2.618385340975	0.0034355817329	1.528108793084	-1.625079134232	-0.9465524043944	0.055889652783651
6.3098443221879996e-6	-0.00003828929004935	-0.0007477376113598	0.0001187259594683	0.002191992980694	0.004753218217537001	4.638984734101e-8	0.0012858342640460001	0.423824440201	-0.00005785384101439	-0.0007480557841208	0.001939693726529	0.5898950687374	-2.596868383583	0.002551391419926	1.403208179188	2.694025611115	0.8825797069399	0.048096770030182014
6.310924403381e-6	0.000046644710774780005	-0.0005896406627623	0.00017455333074	-0.002406857053535	0.004302075891988001	1.690215454143e-8	0.0012463696311550002	0.4247146720182	-0.00005486963283301001	0.0005969201056206001	0.002224492824949	0.7717821891876	0.7116683577333	0.002705274799123	1.33494696703	2.524372537091	-2.175883016998	0.045581883991514985
-9.296942803529e-6	0.00004074122405543	-0.0007931300351759	-0.0001581307953116	0.0021161520540900003	0.004331062502011001	2.5490201228e-8	0.001447017820807	0.42512513427160004	-0.00005245444120818	0.000788333180587	-0.002342537637956	0.8678443602704	0.9103210436852	0.002816388421611	1.351498211833	1.959878955159	-2.109871073773	0.05136587633827555
-7.2336839447869996e-6	6.441847148807001e-6	-0.0003271242729942	0.00027792981703530004	0.002296752971999	0.0009805102020412	4.356842436819e-9	0.0015551686520600002	0.428286829281	0.000025061901896660002	-0.000354573376927	0.002329195710947	-2.398604837085	0.6904880412247	0.006906882029778	0.7222537745795	1.137785024233	-2.714456172963	0.04743487611803848
-0.00001072777199982	-0.00006800981051469001	0.0008054955784752999	-0.00024728342458690003	0.002522741767364	-0.0008896916876423	9.776922860983e-9	0.001127956484823	0.42684457013090005	0.000054572302368	-0.0007829043896729	-0.0024241879189520004	-2.745282837951	-2.709715120445	0.005859732699076	1.16230775235	1.744130059515	0.5822388565957	0.06086927217914177
0.000010179176384410001	-9.457202816106001e-6	-0.0002889818924598	-0.00022444390621249998	0.002028416488669	-0.001459894225592	7.782210140737999e-9	0.00148959899713	0.42854143663759997	-0.00001905054169786	-0.0003071201461943	0.0019953987172850003	-0.9082238364965	2.140248914048	0.007047317270441	1.456885025372	3.140852286377	-1.108365577151	0.04275779476464536
6.649404121622e-6	-0.00003861123914765	-0.0007403927902724	0.0001208667481072	0.00220199191591	0.004726283793415	4.5104940004e-8	0.0012808867882549999	0.423767907559	0.00005765055010035	0.0007411129411505	-0.0019523684515419999	0.5662310840231	0.5210325313197	0.002575920519058	1.392625549046	2.751023007046	-2.275827587051	0.04846597032993942
6.324420344078001e-6	-0.00004219299555092	0.0006433783022638	0.0001092237904192	-0.0020748545034200002	0.004994969342928	3.972120055871e-8	0.001471761757679	0.4321878515897	0.000056632222425150004	-0.0006215199075373	0.001825110559192	-2.796761705127	-2.845295466779	0.00270581601876	1.378321277823	-0.7976340520722	0.7377996192998	0.04970894907092009
9.796093349054e-6	-0.00001657678309005	0.0001993892690546	-0.0002078870573635	-0.002086080630284	-0.004566778723415	3.487159758215e-9	0.001502134851448	0.431297434223	0.00002328468309712	-0.0002272058723122	0.002024334690352	-0.809633028871	-0.9153388925475	0.003854591656945	1.323045716859	1.828602763582	2.115025613972	0.033965216077176674
8.391368825929001e-6	0.0000434039563571	0.000036277864256269996	0.000041971318101949995	0.0008241814098732	-0.00297458801319	4.628645229919e-9	0.0013728111225049999	0.42869548005700003	0.00001602763982624	0.00006257589755569	0.0008848486255867	-1.201546971197	1.602014892021	0.007758858631638	2.861099586643	-3.003227791399	-1.454146320303	0.050529752439666786
6.922077745987e-6	0.00003809663680896	-0.000288872643953	0.0001824695950907	-0.0025004943528550002	0.0006675136195407	2.373487993043e-9	0.001474451753546	0.42880801084119996	0.000049213484418020004	-0.00031087540664180005	-0.002450996011414	-2.278730206323	0.7654759619184	0.006651516854721	0.7019399203189	1.209617104693	-2.517198012418	0.04598318342999361
-7.335550961751e-6	-0.00004107223594816	-0.0007357412835702	-0.0001180232326191	-0.002113450707326	-0.0049158570762410005	5.427683041712001e-8	0.00127565898048	0.42316781531250003	0.00005812430824843	0.0007349219160860001	0.001864216000858	-2.773987697448	-2.81733198554	0.002591251094224	1.358867742686	2.739495301093	0.757909722925	0.05428518036319995
8.856969575447e-6	-0.000016124715324310002	0.00028130454600030006	-0.00023965185032690002	-0.002215257069985	-0.0012870920698720002	4.131480794488e-9	0.001125955705066	0.4264552071523	0.00002999163599256	-0.0003128414303689	0.0022667119912349997	-2.906656376544	-2.983559428444	0.006898590560613	0.9085735283582	-1.550644330556	-0.1532778428865	0.04205723355520695
9.786831948198001e-6	0.000015821972944950002	0.0002747897790285	-0.0001603799806296	0.001778122655	-0.0013026289133049999	1.912797551176e-8	0.001266508161032	0.4258950338825	0.000022336802763310003	0.0002910228013724	0.001620238256411	2.390751180896	-0.8587217842248	0.007645855319607	1.700526070143	0.5920342168544	2.03691980557	0.05820558988129055
7.022804822855e-6	0.00004108699679178	-0.0007418495810851	0.000128465542883	-0.002234247674664	0.004665036465562	4.260963310345e-8	0.001269714592683	0.4237932937132	-0.00005874494642405	0.0007428245650766	0.001991216371161	0.5265075395653	0.4812459354197	0.002611056465577	1.365120978743	2.72667934372	-2.309407021291	0.049259205304470616
9.160237704114e-6	-0.000038834776872910004	0.0003997976434046	0.00020266208569540001	-0.002026002519006	-0.004776962003156	1.3932515969020001e-8	0.001237460664012	0.4307495582726	-0.00003790476790241	0.0004184996681793	-0.002159804317687	-0.9267255236839	2.289913724559	0.002640459722503	1.472327216983	1.407001255184	-1.134597079179	0.05593178599758131
6.835037390881e-6	-0.000034925049426770004	-0.00023792054016040002	0.00023170115551000002	0.002620720181156	-0.00003163016629035	1.6155062050439999e-9	0.00117725833142	0.4279864037369	0.000031146539990920003	0.00019676973530379998	-0.0024251349832289998	-0.6019004266525	-0.6224048959272	0.006345863490442	0.9889062051241	1.256836365447	2.818616469458	0.034723208515329396
8.260870751666999e-6	-0.00002190847417034	0.00024466206729330004	-0.0002146963765515	-0.002200560377404	-0.0014311861803040001	4.659587992087e-9	0.001396775670369	0.42935903412890003	-0.00002606473611668	0.0002749449408697	-0.002226168846623	-1.339215040959	1.706932307025	0.006493863421803	1.422220773623	-2.960862313027	-1.40181613523	0.04039204795558347
-9.366474464415e-6	-0.00001205537573289	-0.0002792058829873	0.0001485301097507	-0.001733480818263	0.001342579078177	2.265213017101e-8	0.0014962174904379999	0.4282210429269	0.00001867325538649	0.00029860923144630003	0.0015442864417840002	-2.461094110557	-2.557904897977	0.007692975618373	1.714650924646	2.562993355036	1.092884700637	0.06691855844130834
6.2740461875000005e-6	-0.00004085580966771	0.0007967625969666001	0.0001249697291724	-0.002232134473006	0.0046460168186770005	4.6811534190180006e-8	0.00126819078446	0.4236582614878	0.000059814032988140004	-0.0007923288948153	0.001978926789369	-0.5264148487138	-0.5650061396449	0.002570889248187	1.364428537647	-2.631876928961	2.314302052663	0.049926587343408574
-0.00001022918563074	-0.00005072446986609	0.0001578199267947	-0.00027005303604230003	0.0023709906563019996	-0.001807312698503	3.089275485381e-9	0.001164137466302	0.42789832394180005	0.00003200390313556	-0.00018903324151100002	-0.002411081679125	-2.234358152788	-2.280995404975	0.005894049506956	1.378005151629	-2.50737593944	1.1219873768	0.036524354335824086
6.564594311913e-6	0.00004108505728243	0.0007602329226556	0.0001245052801752	0.002211704705304	0.004703970230138001	4.47103663714e-8	0.001269483896882	0.42391565035920004	-0.00005880655582953	-0.0007561889470273	-0.0019616169743700003	-0.5065847434962	-0.5470498115819	0.002554055913459	1.365633080119	-2.619137823836	2.322957815836	0.05017921209236951
-4.2156045588740005e-6	-0.00001150889233264	-0.00022799206865900003	0.0002087370500303	-0.002090540386255	-0.0047142974556240004	1.472246544108e-9	0.0012073006444200001	0.43139931316790003	0.00001487883709064	0.0001922926659382	0.002259777064134	0.7076349576752	0.7705576870138	0.002478560009169	1.452786688635	-0.8832198855264	-2.272199647622	0.035906114714469396
-0.000010030092668190001	0.00002044940558181	0.0001700163156848	0.0001911478047987	-0.002035330603029	0.004613200070266	3.2419169156620004e-9	0.001490535210479	0.43137140304360005	-0.00002533756471091	-0.00019920412342460002	0.00196312541532	2.346219206092	2.234706222374	0.003950433165501	1.348821784816	1.863156967277	-1.034698240864	0.032520763078259025
7.063750129456001e-6	0.000043736462891100006	0.0007422544917282001	0.0001386329618201	0.0022681021940939997	0.004590857307504	3.954580658922e-8	0.001258955866774	0.423890651523	0.00005930185048733	0.0007437653109867	0.0020344918329110004	0.4834795686005	-2.703718644622	0.002663055415387	1.333297175435	2.67125460555	0.7946701705257	0.05104100696942689
-8.539311738030002e-6	-0.000025208636757520003	0.0001272037922707	0.0001772741444058	0.002000151808767	0.001514963719282	2.9831872268070003e-9	0.001268117228108	0.42746633567639997	-0.0000251721961533	0.0001589785179699	0.001980226939926	-1.017758860545	2.004440417755	0.007105027841026	1.474911604889	0.03803662675669	-1.216932032693	0.036568220541759774
4.896142203254e-6	0.00003088513725838	0.0001926465400378	-0.00006659732013411999	0.001583671452008	-0.002681989780258	5.401732405467e-9	0.0014052871418660001	0.42963398708649997	-0.000013475742481560001	-0.0001564398297568	-0.001294080806555	1.080184045943	1.075607918598	0.007229377297185	2.132967721871	-3.090673943758	-1.863929452437	0.09656685307892474
4.7940120818179995e-6	0.00002042008340046	-0.000019004338268980003	-0.0002381571883291	-0.0025721477228429998	-0.004033296234602	1.025316547738e-9	0.001211373873183	0.42528649949700004	0.00001330931286643	-0.0000577663600972	-0.002414816763718	2.163577019918	-1.025174973242	0.003173820394884	1.172099671104	-2.566946001437	1.758648359777	0.03426590451779444
-6.680568912311e-6	0.00004153851887362	-0.0001490800599175	-0.0002510389963797	0.0021377083788609997	-0.001234287197615	3.1041672043709998e-9	0.001482585214969	0.42825925596270004	-0.000025589000444920002	0.00017750418503340002	-0.0021309661617	-0.968378659199	-1.037207533569	0.006855916095937	1.367464351168	-3.14159265359	1.971034132558	0.04794491457800533
-8.050228506842999e-6	0.00004301218007303	0.00035346934005129997	-0.0001669934945105	-0.001805192813355	0.005217438775061	7.192758663477e-9	0.001268237388128	0.4305975611041	-0.000036415297304300003	-0.0003303362584074	0.001970610679929	2.128753563589	2.223723104538	0.002275922190663	1.564184970814	1.160314236409	-1.169541841105	0.04877690594414555
-0.00001101084709577	0.00006010259962943	-0.0004001845426343	-0.00027161118037710003	0.002292698471779	0.0021733378352299998	3.743741106422e-9	0.001174887456281	0.4293384676388	0.00003763692360417	-0.0003745227032966	0.0022921446576869998	-2.300646846084	0.8908848179795	0.005979986617688	1.331243556481	0.7032182607318	-2.17341516387	0.038540162865706086
9.0566095581e-6	0.00004122665150135	-0.0007724075099908	0.0001648305228013	-0.00211824323576	-0.004326391771642	2.53344136129e-8	0.0014722324316230001	0.4249796723692	-0.000050818565408940005	0.000763995392678	0.002338428478764	-2.425558827218	-2.381361657212	0.002892742952948	1.334735900648	1.991238221718	0.9245628835871	0.05582364772716479
-8.5922406629e-6	4.790510198246e-6	0.0004491122218745	0.0002419180513089	-0.002026852692482	-0.004421858511992	2.004654726696e-8	0.001143456009741	0.43143137615550003	0.00002317093567993	0.0004306942736992	-0.0021206767530590003	-0.3886850277173	2.825974091948	0.003783403431331	1.375123397434	1.385832378844	-0.7845173916733	0.052126984759690756
0.00001093375077197	-0.00005792673578878	-0.0004937079092016	0.0002695866712067	0.002614821316108	-0.001148654840473	5.65916733667e-9	0.001115883702309	0.42820395969999997	-0.00003754767934562	-0.0004613571003581	0.00253246742516	0.6937833058296	-2.438191114006	0.005526078906777	1.295062977393	0.3941957521873	0.8538234350964	0.04660878551020685
0.00001004630852511	-0.000014280681812620001	0.0002620132029004	-0.0002316344190941	-0.00209181139287	-0.0037542923459900003	4.098229434866e-9	0.001535790794863	0.4311951522372	0.00002234743651489	-0.0002847015578308	0.002069556032819	-0.7353531004584	-0.8293281813133	0.005186870621449	1.273572835225	2.061631172985	2.19407357087	0.0370690542204659
-4.760518814776e-6	0.000027446773940090002	5.655662214244e-6	-0.0002017616928253	0.001884715671158	-0.001514691860852	1.037614217363e-9	0.001276166161166	0.427296510835	-0.000015383835592989998	0.00003296321516828	-0.0018785875203639999	1.93608145585	1.815843530913	0.007300770000333	1.466748083639	0.4150095027947	-1.482149186101	0.034260102669891074
7.728529067812e-6	-0.00003773298201749	-0.0001303525287724	0.0002007294220593	0.001934074062313	0.005304678388991	3.662273668595e-9	0.0012265858576440002	0.4242049185819	0.000028824680064180002	0.0001621181442193	-0.001808399728407	0.8149605374664	0.7203403659074	0.002586801555659	1.473351030036	2.682775794736	-2.023832903479	0.04214738619215436
-7.685689592130001e-6	0.00003843747312632	-0.00034797517547439997	-0.00020131639309270001	0.002447101773291	-0.004038393419658	7.2423356365430005e-9	0.001495658118843	0.4305467022732	-0.00004324573279071	0.0003723039567701	-0.0023300724605870003	0.7910436058266	0.715495211546	0.00331703315116	1.320158711693	-0.1523965326259	-2.144383132176	0.04022551007013661
8.926066464240001e-6	0.00004149884093603	0.0001967955489079	0.0002065424449928	0.002036905728441	0.005121960698005	5.426148930328e-9	0.0012083204345450002	0.423921573717	-0.00003410560849788	-0.0002263672978179	-0.001914882517968	0.7223470923789	0.6365087252675	0.002697072673655	1.417214082841	2.809374570637	-2.113345869702	0.04376740264197282
-5.951138679707e-6	-0.00004199574780359	0.0008603637920311	-0.0001278925069347	0.0022348603278249998	-0.004607196029943	5.7180357952610004e-8	0.001271402861328	0.4232109761985	0.00006149695491305001	-0.0008581673008519	-0.001982500709663	2.798061378402	2.762418221345	0.002727560124616	1.299829428217	-2.756593163998	-0.7066572752179	0.05630257812541494
6.249963448088e-6	0.00003832902921017	-0.00012038918102899999	-0.00003374030630246	-0.0013834213386920001	-0.0020137883252209997	6.626965794573e-9	0.001346073325421	0.42754359687419996	-0.00001652525702839	0.0001276800465208	0.001218479198198	1.978457644876	1.787867913996	0.007891822145213	2.210407409394	0.4406547467111	-1.377056532117	0.08729804114823622
-8.988710940378e-6	7.368042219897e-6	-0.0004181784694534	0.0002545298033675	0.002025360516532	-0.004410427216769999	1.816791271e-8	0.001611208254488	0.42327551307739997	-0.00002250797528178	0.0004001117502212	-0.002121857356908	2.793090058755	2.854784269181	0.003975727785328	1.364014295712	-1.764858161268	-0.7606873086137	0.05533180794478508
6.420115130993e-6	-0.00004054899635373	-0.0004359350434425	0.0001940126424493	0.002358789333453	0.004501078969031	6.938772845464e-9	0.0012100889583879998	0.4238024068209	-0.00004230550085129	-0.0004101097788956	0.002186109528515	0.5953731371681	-2.607698397228	0.00275473094932	1.333372198358	2.345581080592	0.8048314507701	0.04383090690036453
9.126041170048e-6	0.00002300592961711	-0.0001616271922226	-0.0001687716456732	-0.002033229106382	-0.001225427412957	4.581257630637e-9	0.0014577830137440001	0.4286724573113	-0.00002386189961308	0.0001919696113645	0.001968336317852	-0.9392155158426	-1.054477117682	0.007121607570557	1.504728472107	-2.871399743093	1.969942304025	0.04085658589474871
-7.979887006993e-6	9.114303948903001e-6	0.0003747766674743	0.00025131935797630003	-0.002221791131118	-0.003222841011104	6.614512115568e-9	0.0011720817941740002	0.4306362460159	-0.00002595015473294	-0.0003471704085462	0.00224445987899	-0.7596751982892	-0.6841738142534	0.005645298279962	0.816879874126	2.076658384728	2.741453880854	0.055715250727750805
8.781023982819e-6	0.000046332637158240004	0.0004895737851701	0.0002166727594712	0.0024187755638450004	0.001929108143976	6.531294738786e-9	0.0011528426687390002	0.4259891718871	-0.00004483670664108	-0.0004996001959007	-0.002496905226298	-0.01257170655766	-0.08785831810098	0.005872933861198	1.032262192032	-1.794930207663	2.851220423128	0.054819913957162736
6.4748749049509995e-6	0.00003988117328755	-0.00006443144172908	0.000014641805051740001	-0.0009471491364622	-0.004298082694357001	8.395389909618999e-9	0.0013832226986039999	0.4291367786686	0.00001492875619402	-0.00008667095097301001	-0.0008763767493683	-1.273527077715	1.555579862657	0.006448423528809	2.909241128796	2.975863107398	-1.478010835825	0.08605714309033284
5.996004246375e-6	-0.00002960139455735	-0.00009627581435693	-0.00007005230897246	0.001626209342858	-0.002199147489585	9.608858222359999e-10	0.001314576328199	0.4263901273162	0.00001207736700835	0.00006489386353028	-0.001339139196074	2.553940503261	2.509243623987	0.007508645742213	2.111131571469	1.532494793102	-0.8714171664375	0.031004186818513375
6.581034288541e-6	-0.00004223380174244	-0.0001547020232818	0.00022266731185140002	0.0016643804491680001	-0.003235887421936	1.0273376054860001e-9	0.001208498906219	0.42943871573569997	-0.000021642716667840002	-0.0001265482118737	0.001726143588903	0.8707701604399	-2.155611829526	0.00648887119525	1.591518806201	0.8351690718321	1.007678875992	0.029006159730454433
-5.297726435776e-6	0.00002427780389199	-4.547468231676001e-6	0.0002026824057244	0.002478773976589	0.003385510539725	1.0240622764269999e-9	0.001249570256425	0.4259212049304	0.00001602794751682	-0.000044421816149070005	0.002422656841101	1.041546401441	-2.189314212056	0.004430637332594	1.245249015366	3.141540400187	1.425366669038	0.031221901644527768
-9.317529921748e-6	0.00001871515880203	0.0001965672062458	0.0002054807862843	-0.001984952190329	0.0034721984018100003	3.753318820434e-9	0.001212006052367	0.42541715483130005	0.00002388941785682	0.00022460495067430002	-0.0019769675727180002	-0.7313710605487	2.298280978202	0.005871920771505	1.304440537529	-0.9319602625803	-0.9837549991492	0.039590172069378024
-8.450927805698e-6	2.78127541248e-6	0.00038623069526440003	0.0002666682822448	-0.0023183679012730002	0.002552644118748	7.782147507261e-9	0.001117723797065	0.42531535837920004	0.00002088933510517	0.0004124424672011	-0.0023538920487909997	0.4090142137883	-2.794559069124	0.006009422735599	0.8711023943697	-2.186975148814	0.001972778151196	0.052483167229203945
-7.2547419433650004e-6	0.000048546006793990005	-0.0001306608419139	-0.00022650507609150002	0.001720624589146	-0.002606418000568	5.4674677586280005e-9	0.001290199632775	0.42725717172280003	-0.00002426914365555	0.00015233918875300003	-0.0016348990609080002	-1.93994241817	-2.031562710295	0.006959002784668	1.844513710618	-2.366280632414	1.37855921368	0.06631235297628824
-8.513717386762e-6	-0.00004394926405032	0.00009469664920782	-0.0002418436846031	0.002092125864221	-0.002517027921698	2.6489311292999998e-9	0.001204416484129	0.42685106387399996	-0.000027916920061979998	0.0001262811731538	0.002093322325999	-2.189236154894	0.8721285236418	0.006231039279686	1.512487121334	-2.386989621891	-1.939740259346	0.03900358362397982
5.2160053014509995e-6	0.000052334022006560003	-0.0005331584832876	0.0002277572936773	-0.002477741836885	0.004023154348923	8.140559853793e-9	0.0011921614023480001	0.4248542770644	0.00004901285393746	-0.000543543460039	-0.002387185185009	-0.6804808962884	2.391071156973	0.003015959442969	1.227201419727	-2.091925422398	-0.8712619430169	0.06529792836368292
8.134165855018e-6	-0.00004207874727987	0.0003584826497903	0.0002279692496496	-0.002545626281909	0.0003534667598859	6.300616453886e-9	0.001535161278879	0.4281517294605	0.000035112441087209996	-0.0003238857839887	0.002377156905178	2.433779238531	2.426946724066	0.005985701752888	1.47181361642	-1.644077703907	-0.9262812996255	0.054180169026801596
-6.8582379603379995e-6	0.00002549528038813	-0.00012506965816640002	0.000106656719449	0.001785213777004	0.0023449456627240004	1.928438175117e-9	0.0012717107694400001	0.42562562787040004	-0.00001127864762182	0.00009206967069391001	-0.0015018270296039999	-0.4395839369271	-0.4596312450848	0.007222965270708	1.904218989214	1.52859427514	2.325956224023	0.039793600468741246
2.7350522282390003e-6	0.00001889842121296	-0.00006492808585392	0.0001119615277151	0.0014303166253660001	0.0016548602434869998	1.2497515715389998e-10	0.001483433792126	0.4291510121575	-9.211632725784e-6	0.00003109398293459	-0.001259919923494	-2.987802399786	3.14159265359	0.007897031180684	2.213945530241	-3.14159265359	0.3720250638174	0.02253244936830416
7.691153740658001e-6	-0.00002261266682591	0.0001539622820006	-0.000188158280202	-0.002099616076521	-0.001495016701692	3.3731668075250002e-9	0.001489790721232	0.42902420486230003	0.00002338142973534	-0.00018706420210560002	0.0021216482072199997	-0.8303846300343	-0.9400335600163	0.006888192717397	1.312333460952	2.825293484303	2.051245572126	0.047056835321316604
-3.7383109665e-6	0.00002381833077281	-0.00008048821521028001	0.0001850469940803	-0.002176615579913	0.00296177343046	1.943281314473e-10	0.001221418649521	0.425035446823	0.000019259576563920003	-0.00004552019062955	-0.002154966106417	-0.6729182847993	2.362806869731	0.005742089264493	1.467922292824	-0.9930209592187	-0.499103351241	0.01982799938146111
-2.868056289031e-6	5.141082665333999e-6	0.0001235802103535	-0.0002259244458724	-0.0024252568340620002	-0.004127236257583	2.2573922574450002e-11	0.00136882406586	0.42838335899190005	9.241774003173001e-7	0.00008717324039794	-0.002242056723335	1.482785434727	-1.700568682244	0.003477626451228	1.392937229536	-2.274812998571	1.445406833553	0.010505817972064025
-2.796361589713e-6	-0.00001038980692636	-0.000095005649518	-0.00014211296911329998	-0.001709951068326	0.0038814508531369997	2.000848994834e-11	0.001412523639609	0.42678044194799997	-4.204828901796e-6	-0.00005957413807622	-0.001965144105415	1.230200620142	-1.883572403602	0.005481289819316	1.550831245817	0.437630260228	1.269672224554	0.009990773142657262