8.354876180338e-6	5.652098302092e-6	-0.0005536729118530001	-0.0002823496317677	0.002774822799879	0.0013277577651400001	5.227717542841e-9	0.001187780113938	0.4291721425138	-0.000017413708214100003	-0.0005215940201008	0.0026850121914090003	-2.088087053661	1.033109020528	0.005429615853774	0.8003978265638	-0.6053608217926	-2.228476885161	0.03525114122699078
-6.436984095312e-6	-0.000037313607864330004	0.0007532727223547	-0.000162511335232	0.002463818682196	-0.004137486115172	2.83367983043e-8	0.001502536840491	0.430990307779	-0.00005420559975064	0.0007516536019412	0.00224020588618	0.6284337500525	-2.561100693331	0.002582403945285	1.310086438091	-0.5653077176857	0.8642682402012	0.048254443376718435
4.908467946265e-6	-0.0000354218587242	-0.0002143112192699	-0.0002344877087769	-0.0024577749556219997	0.0002518904300424	2.3864188842449996e-10	0.0011860444162349998	0.42653663204560005	0.000035244624473249996	0.0001672341496963	0.002691296472209	2.37619588559	2.39540974348	0.006137943286952	1.177588464806	-1.613691090598	-0.7072766167844	0.019980228034067835
6.4358465744150004e-6	0.0000473814610694	-0.0009514481801547	0.00017953929175050002	-0.002521922678478	0.003779175106509	4.7858126193740004e-8	0.00155972625515	0.42786764150030004	0.00006672658029749	-0.0009556788152244	-0.002309672808076	2.957892442366	-0.2226639226754	0.003274976421067	1.169250609614	0.2206753814547	2.605057291671	0.06103796488392416
-7.543352950198e-6	-0.00004549724290096	0.00006153756028891	-0.00008355061975008	0.0008394098514597001	0.0030797647320210003	3.401129219042e-9	0.001364198390948	0.428926268522	-0.00001510855362409	0.00006159307035871	0.0008465999801436	-1.935385683936	0.8683268642951	0.007620232982142	3.	3.014160553342	-1.707386569823	0.048480187938041715
-8.082682797021e-6	0.000043101220569980005	0.0001807995269613	-0.0002786555558019	-0.0026891434493	-0.001109918587293	1.53201922522e-9	0.001510138055679	0.42934686131640004	-0.00002951578670812	-0.0002127699821456	0.00276643673455	0.8881363998867	0.9169576429399	0.005206219193701	1.170394544122	-0.5160292518183	-2.107896868178	0.03135555664837119
8.540040507382e-6	4.837696361198e-7	-0.0005393412283702999	-0.0002360074140547	-0.0024525481892599997	-0.0008703606116847	8.86368650144e-9	0.001411648213841	0.4254843042009	0.00001456695387723	-0.0005017576239299	-0.002281536552934	1.218225822348	-1.910551486296	0.006178143633597	1.455907644826	-3.128760088432	1.285217265122	0.04319130619002756
-8.084377556683001e-6	-2.052393323747e-6	-0.0006066005211161	0.0002766613137219	0.002310781539938	0.0004394202248109	9.871691704261001e-9	0.00150738970537	0.42788129924920004	-0.00002137202357955	0.0006198147266892	-0.002232018525813	2.258575520434	2.214642487322	0.006951117012064	0.7321557844397	-2.36021090457	-0.6311079371568	0.05254452492686078
0.00001109044188604	-5.536171045686e-6	0.000533343692556	-0.00020222674175440002	-0.001414238624891	0.001335896135634	9.37417346463e-9	0.001343923890611	0.4278711728246	-0.00002308336405267	0.0005259033778354	-0.001616886546863	-1.637227205464	1.554500100426	0.00781949063524	1.424881295166	1.713154354704	-1.619873459017	0.034183074317734416
6.460046112679001e-6	-4.52979432286e-6	0.00045819257970990005	-0.0002838747422933	0.002203958990636	0.0041341257599	1.785199287335e-8	0.001576603242388	0.4232666415195	-0.00001600559138735	-0.0004391831789915	-0.002263789204894	-0.6728585212527	-0.6261735411557	0.003583825747127	1.436202054628	-1.544383760891	2.188840737271	0.05010296488696578
0.00001100868429298	-0.00002599921972883	0.0006163941554248	0.00004856174947195	-0.001414780777788	-0.005566854307794001	2.960526811526e-8	0.001374024150413	0.4274511272535	-0.00004356354312483	0.0006240944524559001	-0.001691223850254	1.907363006555	-1.17798977718	0.002151834553885	1.571632159813	-1.926678583315	1.800730340199	0.04070189680731328
-9.017877031954e-6	5.6010122671290005e-6	-0.0003640529870837	0.00027176174136589996	0.0026778097919319998	-0.0023688904949850003	1.037288917469e-8	0.001150550730927	0.4287589846325	-0.00002569838974472	0.0003994982806398	-0.0027920716616910003	0.7830424827128	0.8023629553193	0.003949832194984	1.265216876417	-1.371042278956	-2.135263326386	0.03810033786757076
8.791589448983001e-6	-8.943541728886e-6	0.0005927939105296	-0.0002902158090054	0.002593323710856	-0.001174353324966	4.683451052702e-9	0.001299231474465	0.4288025516091	0.000011353382015010001	0.0005571920284247	0.0024773530741559998	1.769821222102	-1.363425267027	0.00550304142071	1.341119868439	-3.081658633661	1.736491486331	0.02773352854673658
-2.485315226355e-6	-0.000023705419624180002	0.0001567907696266	0.0002182349218236	-0.002009029534611	-0.0009549808809967	2.3805810649130003e-10	0.001550490998453	0.4264927799391	-0.000014925820440550001	0.0001163710001657	-0.002188911274034	2.445377767593	-0.612632260499	0.007119779068898	1.246614350367	0.8780125351474	2.574663992501	0.026346347693058145
0.00001038224984055	-7.395646059572e-6	0.00035743086463840005	-0.0002407067567002	-0.002034430900737	-0.000807576785706	1.9233749187539998e-8	0.001490457540347	0.4255710737151	-0.00002503311214333	0.0003731866376614	-0.001959521227292	-0.9711465375372	2.10398913827	0.007107695991277	1.585784190214	-2.593267959054	-1.16819385421	0.042671296936543486
-6.258105243662e-6	-0.00003619546327475	0.0007436271291588	-0.0001083860288304	0.00217287310098	-0.004791159972365	4.910331983473e-8	0.00128100017473	0.42413922062540005	-0.000055846932417370006	0.0007354348995385001	0.001909154319964	2.664988923274	-0.5177143252204	0.002359756082827	1.378168750586	-2.740156209497	2.32832171183	0.05135397263231928
9.746409042897e-6	-0.00006721161531236	-0.0005179658242194	0.0002765801798307	0.002450883743794	0.003599965308389	4.170430394526e-9	0.001448482559265	0.4307469326094	-0.00004998920854977	-0.0005416111540521999	0.002448617094208	2.100391574299	-1.081221826151	0.003983717226476	1.18788804773	1.9054478876	2.004228285384	0.0490776073615611
5.956457546833e-6	0.00003816569813241	0.000775492270562	0.0001362440016831	0.002349932659034	0.004391853825941001	3.95923961804e-8	0.001274779200961	0.4242449649249	-0.00005856324974226	-0.0007794518168527001	-0.0021028624373709997	0.6724163160751	0.6269170645694	0.002527130161588	1.365060408648	2.784037259742	-2.226279135127	0.04658300573208209
9.883355758814e-6	1.982503007503e-6	0.0005174491738086	-0.0002848179449099	-0.0024970387172700004	-0.0013444128952950002	6.763542801638e-9	0.001095197492114	0.42707211967389996	0.00001807922626087	-0.0005557711126658	0.0026140325281	3.14159265359	-3.14159265359	0.005798984221344	1.004625084228	-2.272672015798	-0.270013950654	0.03901687297144375
-8.812078476453e-6	-9.938555062680999e-6	-0.0006233318264533	0.0002794723731039	0.002531077079239	-0.001144698095117	1.287122074793e-8	0.0014937649423490001	0.426121973638	0.00001237722994885	-0.0005942646446834	0.0024547179719969997	-2.01050464467	1.138746117614	0.005568777369569	1.411554257723	3.0692245062	-1.930539858795	0.04095371993570053
8.254287648973e-6	0.00001303425380944	0.00044126266861340004	-0.00021372635939310002	0.002367523287948	-0.004317387701926	4.728446237067e-9	0.001236912860288	0.4241932179107	-0.0000201964220464	-0.000405765102333	-0.002180119603858	2.221171847987	2.175220924903	0.003088695623183	1.398443169107	-2.739185911169	-1.048512142326	0.041624022876458174
9.330756111867001e-6	-0.00001888805520455	-0.00029457939185960005	-0.0002365835397758	0.002318521190246	0.0003958137182016	3.860514164622e-9	0.0011473159297340002	0.4277568570583	-0.00002906910369518	-0.0003326287193231	0.0024533274047279998	2.96787429305	-0.2213683030453	0.006559828199783	1.031863729109	-1.097794480601	2.653364992593	0.04096372230315199
-8.968064448622999e-6	0.0000486480074948	-0.00026411298537259997	-0.0002612411395945	0.0022438654493949998	-0.001690259064617	4.81279592793e-9	0.001369773617414	0.4271111199188	-0.00002659285308311	0.0002859427381059	-0.002219597587382	-1.354551841824	-1.396715790139	0.006369106383419	1.417011422306	3.141480142451	1.744504160711	0.050074642863817326
-7.09055730492e-6	0.000054953026318990004	-0.00030222766722510006	-0.0002445681959484	0.0017697850639	0.001196662485381	1.7883931178810002e-9	0.001514473295704	0.4275206866594	-0.00003712152091382	0.0002808545980429	-0.0018872395906349999	-0.8080873062471	-0.7266756694417	0.007524071297202	1.343192482072	0.4853164494416	2.177866749081	0.03823895271028894
7.246999226876e-6	0.00001056082683595	0.00029460004078270003	-0.00024142727945940002	0.0026294562173720002	-0.0006367888403678999	4.5463143686530005e-9	0.001594444025996	0.4290435567057	0.000020161861059800002	0.0002597581973254	0.002450770012881	-0.540556732441	2.599183499574	0.005754300940465	1.401202109928	-1.788605020774	-0.7983986668435	0.03600775814343475
5.962376386809e-6	-0.00002161376202962	0.00048554492685860004	-0.0001937701951406	0.001863464235118	0.0009749693047047001	3.021232722898e-8	0.001222215558282	0.4269272288749	0.000020364470223310004	-0.0004882461731665	-0.002050586669996	3.066022813086	3.14159265359	0.00741295860787	1.150535694478	-3.033062340151	0.5394995808379	0.12047508797923331
6.666376921114e-6	0.00003914700988196	-0.0006981682062989	0.0001100916443267	-0.002181962980292	0.00479496799978	4.223565102703e-8	0.0014728424712229999	0.4332052596885	-0.000057072378140919996	0.0006945839342625	0.001933509749893	2.812899758916	2.759002541752	0.002536811441371	1.301382929468	0.8381823281331	-0.7158315022222	0.05308272378592893
5.057398976625e-6	-0.00004375819006947	-0.0008654152940462001	0.00014962012168270002	0.002421267993271	0.004167718944173	3.8757793953940005e-8	0.0012567725213900002	0.4241059682948	0.00006305920874871999	0.0008632734629610001	-0.002179288785428	-0.6289298587268	-0.6670387288361	0.00253642930659	1.317288620673	-2.510328599599	2.277695369671	0.04832585010483414
-7.142077497725001e-6	-2.552520208339e-6	0.00045502060932700003	0.0002473032794191	0.002122342244355	-0.00437105101951	1.674093396289e-8	0.001161658032411	0.43117191518729997	0.000020196870672320002	-0.0004337678018511	-0.002205547932019	-0.5036208590456	-0.4296789229918	0.003334514425866	1.384028506941	1.345732455427	2.304761616958	0.051622363173234355
-7.492907911383001e-6	-0.00003242168231999	-0.0003387493700725	-0.00019373866688550002	-0.002430532615557	-0.0005085805450174	3.861165686953e-9	0.001185026696527	0.4269351782691	-0.00002860676204854	-0.00031545873949050004	-0.002412149727713	-2.803067836005	0.2471702667186	0.006542755967037	0.9766055034194	-1.189698640888	3.14159265359	0.04830560066948726
-6.87327413933e-6	-0.00002496277598397	-0.0005779866546854	0.0002362580286474	0.001380619537159	-0.004296984535173001	4.3834511895740003e-8	0.001215070388239	0.4294068757983	-0.000012818124021590002	0.0005774356952659	-0.001559750193418	0.9715593909975	0.9919779124696	0.005453217004892	1.625338329782	0.5270275416309	-1.972294285582	0.04781543692885866
-5.934023193202e-6	-0.000037524706783750004	0.0001609602498963	-0.0001071304500505	0.001145651722501	0.004897049377427	2.257610549335e-9	0.001436090934987	0.425932631578	-0.00002192884848289	0.0001268213583848	0.001365872547619	0.9890483805126	-2.019325354497	0.005081366403001	2.002565782831	0.692996118012	1.182607927259	0.04341293245796186
-0.00001059433161237	4.104532700356e-6	0.00046521001286070005	0.00026255886490769996	-0.002417309554543	-0.0005758680192274	1.162672746243e-8	0.0015218253050320002	0.42556082407539997	0.000020480706116010003	0.0004918717017503	-0.002494397092138	2.206859613022	-0.9716213746667	0.006103754867917	1.315405483367	3.14054180995	2.054380779895	0.04460365211365622
0.00001061130875594	0.00003440635040282	-0.00035095296763900004	0.00020681795754310002	-0.0023503409136650002	0.0013424913052209999	1.122724589225e-8	0.001164229373973	0.42743595422930003	0.00003353673002023	-0.00036288461965090004	-0.0023709625030980002	0.06555674064948	3.117085578702	0.006324833436756	1.191508208881	-1.308781120683	0.5396157539008	0.0520708622171452
-0.00001038964611262	-0.00001313334985759	-0.0005821257435768	0.0002777558122459	0.002413413444363	0.000100860232533	1.529072007921e-8	0.001566482477069	0.4265837297528	0.00001155484532131	-0.0006058317164698999	0.0024430131788099997	2.107082460965	-1.058094145905	0.006073861622986	1.333406528876	3.14159265359	1.990111221578	0.04231997014352606
-7.606206323851e-6	-0.00001072795934679	-0.00032015129770950003	0.0002024957802846	-0.0023902041202339998	0.0007413752518516001	3.724395208943e-9	0.001517228846863	0.4289003834164	-0.000017104013406979998	-0.0002958077538208	-0.0023122065990120004	2.462904472947	-0.7632320098874	0.006409846013918	1.382245843708	3.14159265359	2.271815411976	0.0412322745734812
5.35843306336e-6	-0.00003525690397503	-0.0007436131880896	0.00012757436168799998	0.002278915339658	0.004534924690832	4.224050746773e-8	0.0012747884286569999	0.4248866226515	-0.00005496026036228	-0.0007470609536812	0.002030994627747	0.6161694209413	-2.571647185989	0.002562244598369	1.376626734225	2.878601358626	0.8925010886204	0.04951887907603169
7.811869329192e-6	-4.766846855185e-6	-0.0003827462959097	-0.0002675261303464	0.00237592185982	-0.0007713433128993001	4.239790161675e-9	0.001154031931093	0.42719428082000005	-0.00002498041629976	-0.00040875037093459997	0.002390548690192	-2.367864524639	0.7118168374444	0.006756447867748	0.7360718436788	-1.765619285818	-2.616211136399	0.043325953139598916
9.303469920583e-6	0.00002208290662267	0.0005273438844791	-0.0002655687049368	-0.001714413922905	0.004402807436096	2.750645660394e-8	0.0011851633326169998	0.4290844176069	-0.000013222406146839999	0.0005199548667879	-0.0018440668060350001	-2.170665900274	1.00001919912	0.004627573636958	1.541737438117	0.3211005020733	-1.997637892214	0.04043519756549469
-7.008393609665e-6	8.080733044651e-6	0.0005774787568602	0.00027416433160960005	0.002676500595279	-0.0004558898170518	1.63343307708e-8	0.001154000005991	0.4282990935448	-0.00001406122621011	0.0005446721894564	0.0025736366982960003	-0.6358804566589	2.47788780431	0.005319426262254	1.346227163348	1.095293708498	-0.8753938280652	0.048811118198445
8.957000087551002e-6	0.000060472570062220003	0.00037128863711260004	0.0002794584656806	0.002277920590085	-0.00181676646246	3.200166615277e-9	0.001476023381296	0.4273782851054	-0.00003712055016806	-0.00034781880697400006	-0.002292939614536	-2.012179922862	-1.979318699694	0.006163143635526	1.371952387985	-2.66175052462	1.199894351475	0.04310371923600488
6.091770490226e-6	0.0000377959835961	-0.000676216158653	0.0001086341305698	-0.002175617118806	0.004782320126086	4.035552024273e-8	0.001468298105956	0.4326972413159	-0.00005420039250909	0.0006719853112233	0.001933800512916	2.850940887758	2.794662378307	0.002629574796009	1.288078826665	0.7865792927871	-0.6946091358559	0.05604610054244016
4.73384525538e-6	-0.00002748710540839	-0.00005030149396962	-0.0002402592101696	-0.0024032041183669997	-0.0005057295421872	4.257650769511e-10	0.001315259347412	0.4274702632185	-0.00002900081871373	-8.392027567282001e-6	-0.0025975292473570002	1.74560877558	-1.413417275132	0.006226317834609	1.15127354383	-0.6513888189862	1.625647536904	0.026484910395408904
-7.922635094422e-6	-0.00004446250530057	-0.0003016798103553	-0.00023276999183370002	-0.002361110034683	0.002236746012451	2.531812108835e-9	0.0015887964389460002	0.4255586854257	0.00004048043250366	0.00027129824259649997	0.002337893792572	-0.2432072036956	-0.1580106508895	0.006086168734589	1.040266205396	-1.349921811133	-3.093544817046	0.03681606278477332
8.398125578661e-6	-0.00004150884525819	-0.0009633537658475	0.00014032997738620001	0.0019964208802900002	-0.004515829696531	3.167676961309e-8	0.00140632224852	0.4256712914672	0.00005853784771095	0.0009570988457029	-0.0022534760073940003	2.080907083586	2.11831599841	0.002506628284896	1.364512775149	-2.103649579769	-1.170894800765	0.04651477975591249
5.478271494263e-6	0.000043993567393669995	-0.000847372907329	0.0001509029576263	-0.002402369616316	0.004222899592483001	3.927243734771e-8	0.001257994317121	0.4237188256522	-0.00006219574709307	0.0008456285372043	0.00216368611091	-0.5800381542577	-0.6188367694926	0.002582701226287	1.313130436133	-2.616599937044	2.307504048525	0.049944678391661376
-9.235622396580999e-6	8.056826889972e-6	-0.0004803216408003	0.0002570223342559	0.002294116388709	-0.0034973025070469997	1.045701324906e-8	0.001492599758968	0.4241562657887	-0.00002334794669205	0.0004607019507159	-0.002319658184068	-2.120226996035	-2.0547980472	0.004339653665386	1.439624592574	3.14159265359	1.136038257216	0.03916443371920656
-7.399878652062e-6	0.00003911163934745	-0.0002533651926496	-0.0002448653648225	0.002707992438846	0.0005745007864097999	1.603477762526e-9	0.0015194834862340002	0.42741828278960003	-0.00003574141568117	0.00021215950482670001	-0.0025226552846189998	-0.7792165153797	-0.7765482513422	0.006103229569336	0.9297187498754	-1.471975462405	2.591260055109	0.034730897911822836
-3.8605872344570005e-6	0.000021536431394779997	-0.00005037526800807	0.0001815297974473	-0.001981364182053	-0.0018821968769420002	4.909027369807e-10	0.0013518445702140002	0.428033526087	0.00001515683953505	-0.00001214526832418	-0.002232044968006	1.563151555134	-1.570666611973	0.006607872106451	1.359909213845	2.831516416177	1.933592451535	0.026635472511559177
-9.860107607981001e-6	-0.00004439983450381	-0.0007821189124201	-0.0001335488394506	-0.0022150520067200003	-0.004699269627347001	5.8286944917150004e-8	0.001263616729754	0.42250498529020003	0.00005921546656789	0.000779489658703	0.001972289397507	2.958989972402	2.918851032334	0.002742064750811	1.261401730816	-3.14159265359	-0.6251945953663	0.061713894755536514
8.990284798669e-6	0.00001212993343125	0.0003136653757879	-0.00025934466300570004	0.002442242487398	0.0021005221179330002	7.707380289476e-9	0.001122922837922	0.429448293135	-0.00002574144355871	-0.0002811443737471	-0.002393827667032	3.078251301121	3.14159265359	0.005648693943641	1.226159855384	1.376541775166	-0.5186581324161	0.04076553588893833
5.5464620191370005e-6	0.00003500675778262	-0.0007477544221262001	0.0001266950489604	-0.002268628277642	0.004541984006756	4.458561005348001e-8	0.001273511434507	0.4243559247071	0.00005450072331451	-0.0007509256675819001	-0.00202032510006	0.5588902004235	-2.628107237053	0.002646220435598	1.36675473963	2.954636987763	0.8586518342709	0.05146050482768341
-6.977262918526e-6	-0.00004394076639365	0.0007186271776704	-0.0001470556684253	0.002337740760838	-0.004455095210495	3.214085535395e-8	0.001260317840175	0.42521163857340005	-0.000057920344642460005	0.0007170809212721	0.002107349556599	2.616011803385	-0.5719665206394	0.002417313319032	1.318609475838	-2.641025112705	2.333797978236	0.050371989678125055
-5.185360623229e-6	-0.000031351190654120006	-0.00001530672739307	-0.0002667078500418	-0.002545075470688	-0.0006126166611846	5.92429535492e-10	0.001458728308802	0.4283701304087	-0.00002246823600682	-0.00005248063936	-0.0026874274430480002	1.093510026241	-2.027275138506	0.005761218201468	1.188439588514	-0.504340778588	1.304101663565	0.027730703738441855
5.732338105698e-6	-0.000037763904564510004	-0.0007477380684625001	0.0001370612981735	0.002322162367589	0.0044354534696919995	4.0178143678780004e-8	0.0012645480379450001	0.42428948646639997	-0.00005591224313789	-0.0007517454576632	0.0020822694523570003	0.5550989467548	-2.632312336078	0.002670618278974	1.343089915613	2.891287845952	0.8446421587753	0.05116488188466552
7.81107272352e-6	9.876890661258001e-6	0.00046179572390329997	-0.0002249708412109	0.002386045311861	-0.004371026284287	4.874562782408e-9	0.0015133774903449998	0.43050457036210005	0.000017644505486410002	0.00043527597668360004	0.0022380827158390002	0.8051337036752	-2.39697520296	0.002767284634601	1.334560456666	-0.828238353562	0.9547899644104	0.04466683741040683
-9.989611832396e-6	0.0000394528951163	0.000468204755315	-0.0001914404660233	-0.001924607925994	0.004909228143385	1.815748733545e-8	0.001443492645753	0.4259264880481	0.000041566248922259996	0.00048611844753330003	-0.002101560739251	1.046033409866	-2.031773954349	0.002570841606509	1.499029561524	1.649901533659	1.209551768484	0.05388825703855398
8.917770649564999e-6	-0.00003834585235732	0.00044105756295319997	0.00020019612329370002	-0.00191704308999	-0.004996569087604	1.696383105104e-8	0.0012805709550040001	0.4289544809559	0.00003837452239125	-0.0004560026439501	0.0020659902770479997	-1.208486337328	-1.136155308255	0.002394611786513	1.548318198344	1.341037218361	1.817655014018	0.05639827899428019
0.00001020575390792	-0.00008001803979057	0.0009093835890078	0.000260873382999	-0.002291112956442	-0.0001792705886876	1.319317003947e-8	0.001194724134838	0.4280118165541	0.00006049547371219	-0.0009087806946903	0.002322022771114	-0.9475987688569	-0.9111994055885	0.00626042099707	1.224628500166	-2.514846965695	2.067175854919	0.0775070608770653
9.971417695605e-6	0.000010340860145970001	-0.00045314012780230004	-0.0002507714494101	0.001951097018435	-0.0012616454526330001	2.543856860029e-8	0.001241723963814	0.4259690584379	0.00001486627612671	0.0004629980583558	-0.001872068986252	2.206000777704	2.142872971025	0.007142917846999	1.54810486256	0.2651649780106	-1.143276440008	0.04902153152380062
-6.046826939395e-6	-0.00004629212268216	0.0008420594321837001	-0.0001525369994419	0.002431386493653	-0.004163233191739	3.88225195494e-8	0.001245070159881	0.42371590251510005	0.00006538330856135	-0.0008418121434514	-0.002194549105157	2.677755976445	2.639229992064	0.002727245617255	1.270822747988	-2.527831876106	-0.746483369676	0.04970595754841048
-3.475437665233e-6	0.000016927251912579998	-1.118514167185e-6	0.0002619002262794	-0.002598514744355	0.00019685699289620002	2.823665836774e-10	0.001331666432276	0.4279252274355	-0.00002820140347	0.000038631475298	0.002444148321935	-1.530208686817	-1.519145025476	0.006514294983676	0.7757445783577	2.683538464466	1.784429528567	0.02568121405582677
-9.587083916676e-6	0.00003563732072119	-0.00041222302949730003	-0.0001825655444448	0.002280963906737	0.004197083397602001	4.212790714205e-9	0.001495634846562	0.4244700777257	-0.00004245314842885	0.00038819597764269996	-0.002447518886	0.6594441300305	0.7310280058612	0.002925549587163	1.334951804929	3.013981914001	-2.310653362803	0.02828142671469445
-8.498058423233e-6	-0.00003835924288736	0.0004496639230749	-0.0002058378306167	0.001955653637847	0.004926522413561	1.7094501737439998e-8	0.0012610294518880002	0.4292933229927	-0.000038039539753409996	0.0004643992489687	0.002096417841654	2.015300723195	-1.053762543774	0.002428454745505	1.527992520214	1.327661367062	1.870969096091	0.05889414721617928
-9.678215075857e-6	-0.00001014529266849	0.00046296782208999997	0.0002661726727268	-0.0021103667872349996	0.0008769583233774	2.4014325969530002e-8	0.001497880542258	0.42705200700850005	-0.00001509395474158	-0.00047634331430370004	0.002033646949842	2.098729956002	2.063067296223	0.006876923247858	1.542216280008	-2.67448547966	-1.200590279003	0.04648633394368494
5.513294939992001e-6	0.000021271942020929998	0.0006952614335606	-0.00029013107126260005	-0.002713906251507	0.001575194858307	2.0878652396560004e-8	0.0015659256782790002	0.4262494767482	-4.176363629212e-6	0.0006736517435377	-0.0027118173838709997	-0.7695307001237	2.351281449461	0.004478729465423	1.328131223833	-1.729591322704	-0.9671251661897	0.055258823849573986
-0.000010302335221690002	-0.000032987887868750005	-0.0006388344224159	-0.0000936237482353	-0.001687814823811	0.005204464564071001	2.318657886826e-8	0.001393544099967	0.4265630544876	-0.00004524760723323	-0.0006399556241531001	-0.001944510197336	-1.135174131865	2.062941925055	0.002293567162451	1.481135700958	-2.061557949072	-1.253839030644	0.04418807513270114
-0.00001023968764071	7.132913963000001e-6	0.0004059671650536	0.00025440174095180004	-0.002138926653819	-0.004443249073248	9.782849453431001e-9	0.001157336292311	0.4302659571557	-0.000025202642350280002	-0.00038430085215460005	0.002230878912651	0.7839547613819	0.8518333656517	0.003148719698066	1.428608760506	-0.06410777669015	-2.167392735308	0.03406678173930808
0.000010208547690959999	-7.310574503042e-6	-0.0004991407852902	-0.0002884746284586	-0.0024457026461729998	-0.00007910801720804001	1.405199247201e-8	0.001446810372854	0.427409091596	0.00001715559603626	-0.0005213607746463	-0.002455094391926	-1.180515875734	1.936406431968	0.006003062754094	1.396394943855	-2.779516288547	-1.25841025865	0.03750451667009986
-4.989307919344001e-6	-0.000036632677469829995	-0.0008182119420957999	-0.0001240173047913	-0.002238201410542	-0.004607369053227	5.589633493487e-8	0.001266551488727	0.42407657644310004	0.00005627563403061	0.0008192615288767	0.001985102742707	-2.774341107577	-2.8151672197	0.002604584232728	1.307983492608	2.977339062084	0.7351395949513	0.0585435369325437
-9.468586635444001e-6	-0.00001104439412245	-0.00041827369502329996	0.0002339530002018	-0.0025300109064830003	0.003563275850626	2.8063026092840003e-9	0.00119706299967	0.4255420542468	0.000020195881116339998	0.00038001260509040003	0.002342632050682	0.8377795807025	0.8160323859035	0.003913324127705	1.324334942932	1.457045765249	-2.204121032134	0.030670223998666205
8.733529213149e-6	-7.137652127817e-7	0.0005609746223922	-0.0002472953693687	0.002513448453969	-0.00023926395526220002	1.0216390763649999e-8	0.001496078659711	0.42738098335350005	0.000013350046317	0.0005243565710747	0.002353163885431	0.9515874470295	-2.189888846006	0.00603772238562	1.411593939146	-3.141108255337	1.081219065183	0.04850136572566069
0.00001037698595885	-7.371977678215e-6	0.0003995571148032	-0.00026710326603340004	-0.002355424854532	-0.002445751904768	6.068060607110001e-9	0.001101054825239	0.4253453738535	-0.000025816833134310003	0.000426780204352	-0.002399462769296	-2.965976096063	0.1146819608833	0.005843553002514	0.9691373435702	-1.963571053049	2.984888945069	0.03969884565647607
-0.00001048965297611	6.0003073923889996e-6	0.0006267301996195001	0.0002857866805622	0.002622185930704	-0.0015773518024590001	1.083203643618e-8	0.001198036558235	0.4283488298018	0.000018308401001520002	-0.0005966842005518001	-0.00254481674556	1.103730517141	1.125469325606	0.005014289282975	1.3823509747	-0.03652444855106	-1.962551478945	0.033354699024270684
8.436465606377e-6	-0.000048708224077490004	-0.0003442879434035	0.00025219868460950003	0.002495044116263	-0.00133415310037	2.540310402763e-9	0.0016101180455470002	0.42680934240900004	-0.00004283606491644	-0.0003115253356537	0.002411297211209	2.970003511858	-0.1115331643507	0.006225790473553	1.062012043129	-1.443327849069	-3.061186254175	0.03711305150653792
-7.907442280969e-6	-0.00005347984165999	0.0002123356781062	-0.0002687046918726	0.0022844946154320003	-0.002732465239997	2.486105768474e-9	0.001337824059078	0.4292795303766	0.00003345410212091	-0.0002407406104467	-0.002281621939631	-1.478770797574	-1.529974691087	0.005614930449425	1.330242889111	2.942643124887	1.648690507087	0.04298400117230743
9.185766582413e-6	-0.00003515665029632	-0.0001299073512532	-0.0000554579278507	0.001425134336807	-0.001692720276208	5.088499868279e-9	0.0013270929287469999	0.4270065328381	-0.00001679595372059	-0.0001284967382424	0.0013063023521590002	2.342218253176	-0.9976530567656	0.007943729624263	2.006618068458	0.4439556392998	1.989389376587	0.051211101867524964
8.792500390016999e-6	0.00003947100930415	0.0008251301625700999	0.0001402011091906	0.002035733553234	-0.004518461620814	2.299081391733e-8	0.0014060544978480001	0.4271529286238	-0.00005263089522607	-0.000817592517329	-0.0022812721853200002	1.978165737487	2.023615963426	0.002554501883375	1.379841589543	-2.03296043509	-1.247623032297	0.045574757378445685
-0.00001127368569237	0.00001527536388996	0.0003473469444387	0.0002280938259167	-0.0021274773272790004	0.001138900787193	1.112432740371e-8	0.001533880210193	0.42789677337140003	-0.000024847969596869998	-0.0003642985130422	0.0020836742094090003	2.407764688815	2.321233818173	0.006965726400411	1.369978087583	3.14159265359	-0.9955841119477	0.0490853612372281
-9.62601951585e-6	-0.00004020380539936	0.0005499360408893999	-0.0001487744702798	0.001950574645205	0.004825376984123	1.365950797718e-8	0.001430009289713	0.42596827301740003	0.00004384295761534	-0.0005362895298512	-0.002164251245489	1.056693193531	1.117371649692	0.002520307308126	1.447800934942	1.75791478795	-1.958586611659	0.047328647823072285
-0.00001057424318307	-0.00004038468840131	-0.00039265002708940004	-0.00019708805630410002	-0.00201251107141	0.004771069089902	1.303378755043e-8	0.001452561997177	0.42565773971930004	-0.00004070473352256	-0.0004104712086182	-0.0021541833647440002	-1.006718906321	2.21709887981	0.002708910543784	1.487666480867	-1.56357408641	-1.181018958597	0.049643533750980975
8.686322734343e-6	-0.00004291431107907	-0.00015558254768050002	0.0002790129902218	0.002728349922179	-0.002123163185128	2.676047252409e-9	0.001225928342516	0.428915871946	-0.000022723714815880003	-0.0001870694633447	0.0027932049543840003	-1.088978206892	2.074894768056	0.004151905258349	1.302767962303	0.4309396867132	-1.208658621919	0.03285196474890778
-0.00001027392392601	0.0000106638823575	-0.0006264137287647	0.00027737867401850003	-0.0024325119664599998	-0.0033815741376339997	9.263806887473e-9	0.00108343922147	0.4313827992603	0.0000123455043674	0.0006149063564356	0.0024408740404340003	-0.2857261843464	-0.2304583791776	0.00456201900824	0.9410333545838	1.263235334693	3.14159265359	0.041382365121895484
-5.975989906256e-6	-0.000040186690334339997	-0.00012528114669339998	-0.00002127559969017	-0.0011162200796670002	0.0024530248957210002	7.838246576919e-9	0.001393604652211	0.4285509196101	-0.00001266774027831	-0.0001014667041222	-0.0008565313650286	-1.89119991455	1.095007416149	0.007881231488764	2.9999998685	2.722838602743	-1.705380760671	0.09790990524678796
9.97941730944e-6	5.359091659579e-6	-0.0005315581874785999	-0.0002761987339106	0.002115960512011	0.0008323280822437	4.907578064853e-9	0.001461180584303	0.4268023422672	0.000012967473955320001	0.0005171216837829	-0.002162069959207	1.093654024943	1.149829769219	0.006884556438566	1.28056470459	-1.881257515858	-1.989238987098	0.030342764410613555
-8.856207055174e-6	0.00004297305784003	0.0004606111167612	-0.000170113932356	-0.0020639272702459997	0.004731090648122	8.103136847872999e-9	0.001480200342518	0.4249672430704	0.00004353254066549	0.0004407593738044	-0.002248194457338	0.7978230448397	-2.27127753979	0.002442788723927	1.401276498034	2.320817880977	0.9859306831683	0.04301083122879451
9.312841881100001e-6	7.962014633867e-6	-0.0005430265287716	-0.00029411811230980003	0.0026133667124320003	-0.0009591247550420001	4.135057536294e-9	0.001501087568248	0.4290660791522	-9.530008576759e-6	-0.0005723775537752001	0.002704432416667	-0.9301701709915	2.232609975667	0.005421927229784	1.139085875055	1.452146682771	-1.012297705871	0.031910325305698616
-9.161687955671001e-6	-9.232854512067e-6	0.0006233000249868001	0.0002692869140121	-0.002596028119544	-0.0006358244374820001	7.513542300021e-9	0.001095098503692	0.42847320608080003	0.00001054432181097	0.0005861390624757	-0.0024566827698650003	-0.3060331436468	2.845435731374	0.006094128566306	0.9818278997045	1.276045681339	-0.05232470471154	0.042328076571663126
-7.591410026791e-6	-0.00001677916294008	-0.0001544189270236	0.0001941321727437	-0.0024252346900620002	0.003311603715644	4.131042390849e-9	0.0011667766381589998	0.4247916613265	-0.00001001036653412	-0.00018769057970940002	-0.002374567096805	0.09952023464026	3.14159265359	0.004915187346543	1.04257512313	-2.038981459628	0.710816280756	0.05421478797321912
-0.00001041732806195	-8.214521901849001e-7	0.0006097845927909001	0.0002621407532019	-0.001814314398331	-0.001017846945228	4.611291813427e-9	0.001464592864548	0.4277928664608	0.000017930205358010002	0.0006001467154334001	-0.001971288341184	2.030099023218	-1.067323619797	0.007354919203465	1.254219337662	1.054083095852	1.961896698328	0.027708453632144123
-0.000010298971933079999	-7.888770356953e-6	0.0005378014802366	0.0002372104358253	0.0018316631937629999	-0.0009698456034459	4.832749352922e-9	0.0014898156779609999	0.42723696205620004	0.00002180723740079	-0.0005273757699283	-0.001980411005817	-2.210199963618	-2.145975801357	0.007350635757446	1.27143933142	-1.107972208118	1.039696399058	0.032245959679536716
-3.376844199024e-6	-0.00001577521289919	0.00001676196617906	0.00021734432129430001	-0.002586801283259	0.003775361412022	6.411159510131e-10	0.001390039575561	0.42816929612320004	-7.961053235186e-6	-0.000020012972654650003	-0.002472872118065	1.721833635858	-1.48958948452	0.003446900314624	1.200695639969	1.991509863441	1.479555769379	0.03470375553832666
8.398316174108e-6	0.000040871885432260005	0.0007200626677667	0.0001630703563699	0.002098194568372	-0.0043982473078720006	1.810351608947e-8	0.0012808362263460001	0.4304587675528	-0.0000473543344132	-0.0007032981329863	-0.0023223499540439996	1.009518412001	1.058845368835	0.002778588873715	1.384454314387	-1.472819155633	-2.003382265775	0.05106723693740803
9.945075143799e-6	-0.00003478123645465	0.0004781767479705	0.00019166686508710002	-0.002317656137277	0.0005985141888196	1.536419684992e-8	0.001266595028724	0.427928563345	0.0000356170302871	-0.000455180939848	0.00214701789867	-1.050190367723	-1.111700961459	0.006483096058055	1.57125186404	1.225764002096	1.944712826911	0.0525184290687517
0.00001165806425136	0.00006049670406674	0.00039068331024820003	0.0002784556139317	0.002330889056186	-0.002267845794785	3.881696086036e-9	0.001166495449615	0.4291150557953	-0.00003609271485717	-0.0003651705913008	-0.002333444224648	0.9240162787272	0.9660784744138	0.005767097075635	1.346803615894	0.5769935859858	-2.106899756182	0.036612500229772665
0.000010194035252960001	-0.00001046617174292	-0.0003426248900851	-0.0002190324907897	0.0020102156127150004	-0.00109045798399	1.6330995236710002e-8	0.001518051383248	0.4271677132007	0.000022375040527200002	0.0003561089154931	-0.001919801943398	-0.8685077143817	-0.9511221970409	0.007155189228159	1.546966417688	-2.719089521643	2.029200596959	0.050238740465292975
4.588171767007e-6	0.000028627976861079998	0.00003576888538983	0.0002177619642813	-0.002129470351581	0.001611759284229	3.082485559844e-10	0.001309908004242	0.4277727920375	0.00002086440601317	-7.978663448275001e-7	-0.002148929613964	1.350025035724	-1.886280067331	0.006572206246252	1.518673444428	-2.448661077793	1.562067135072	0.021828041722763557
7.811411422778e-6	-0.00005070794222939	-0.0001565512101347	0.00026805816237760003	0.0021749372296030003	0.0019795293054309998	2.620287734411e-9	0.001417106488841	0.4285738801033	-0.00002903081649696	-0.0001835766089531	0.002150939474053	1.8551971331	-1.342105615524	0.006424228408361	1.414262966173	-3.14159265359	1.789752890343	0.041569848297903084
-9.222570345783001e-6	-3.208471489339e-6	0.0003607871712626	0.00022716163608420002	0.001965934889892	0.001174713102119	1.894575996929e-8	0.0015288330187800002	0.42765445639690003	0.000017334518194899998	-0.0003725397094216	-0.001862356913591	2.299273837047	2.225182622964	0.0072300827011	1.559190609421	-2.723854123784	-1.107043357416	0.056069255064504955
-8.103484991050001e-6	-0.00004968714957638	0.0002463258192952	-0.0002775841585276	0.002527922522989	0.0006192390450872	3.012341357423e-9	0.001268746767573	0.42905120987580003	0.00003068438326724	-0.000279189158112	-0.0026206040163250003	1.82703628578	1.81524278121	0.005760766994106	1.285554576828	-0.1365200722972	-1.361994335363	0.042981324450621985
0.00001001183541688	-6.189866364668e-6	0.00041755067486260003	-0.0002474314421096	-0.002224426974945	-0.004457285987239	6.926794014302e-9	0.0012190900560030001	0.4258163338214	-0.00001949442680279	0.00043144251614290005	-0.002149657917422	-2.060295330698	1.00558001847	0.003340287942034	1.355549598427	2.832046941862	-1.943974093437	0.03869595654508495
-9.647237803793e-6	-1.3891289412170001e-6	0.0005874799712099001	0.00023988148085130002	0.001713595184558	-0.001096460400702	6.084998953998e-9	0.0014384399510899998	0.4274691816558	-0.00001783635350395	0.0005804563011186	0.001876455016527	-1.951550896541	1.249192569294	0.007496939168293	1.295742195768	-1.25623391853	-1.884821190681	0.034063571929790946
-8.257681638444e-6	-2.810480038802e-6	-0.0004571919888555	0.00023667141041600002	-0.0018210638835390001	-0.005095454698335	1.9747319442780002e-8	0.001568323592783	0.4225086770292	0.00001819476748233	0.00044244825983120003	0.001953918797839	-2.553935722324	-2.485558794117	0.002860843846581	1.43929226151	3.14159265359	0.9061519796843	0.059325148303071146
-7.3894104546580005e-6	0.0000452907932914	0.00038956417033200004	-0.0002040756450971	-0.002152114307088	-0.004752669113763	1.5116774223e-8	0.001535596794754	0.4314216479765	-0.00003900328742794	-0.0004162308385441	0.001987194010843	-0.6815154333624	-0.7500077698662	0.003020095471075	1.404994871125	-0.070418187089	2.150499275757	0.06981929909650902
7.474336035545e-6	-6.0047227787810005e-6	0.0004283205330122	-0.0002601689530816	-0.002190878196746	0.004273051777417	1.392858715288e-8	0.001598198132343	0.42327019810140004	-0.00001958328486057	0.0004074608812308	-0.002267876600168	-0.4426172611749	2.763041562651	0.003480606997845	1.350964084358	-1.870966512302	-0.7828504701583	0.056122483700682166
-5.660788807914001e-6	-0.000047739316220120006	-0.0002607071253469	-0.00022967500002069998	-0.00201959600523	-0.005158350877183	6.451005634424e-9	0.001493425612239	0.4308485258201	0.00003371426253185	0.0002895145596264	0.0018949145951020002	-0.9682055561028	-1.04855529109	0.002439549887633	1.415838855424	0.6444193189278	1.960195729982	0.07819594787739488
-7.326780955957e-6	0.00003939345111876	0.0009576673950451001	-0.0001435313810995	-0.002021094858341	0.004399321094929001	3.440645814239e-8	0.00141519545449	0.42552139790730004	0.000055508909460550005	0.0009583926910611	-0.002265137563864	1.017172592517	-2.091911684029	0.002745214606201	1.362931756724	1.869711733361	1.144175598734	0.051211240900016136
-9.470995008655e-6	9.480807501506e-6	-0.0004691068528393	0.00024595369157120003	0.002107408397624	-0.003882850601535	1.141958636655e-8	0.001504057197037	0.4244902419019	0.0000230264463803	-0.000452587273862	0.002179383898325	-2.253565899672	0.9578363535481	0.004471598634943	1.424410921615	-2.850152865727	-2.091447249301	0.04414532311557478
-9.749364793884e-6	9.111957961986e-6	-0.0003370470770474	0.0002178842785966	0.001970833061475	0.001239288186156	1.5568423905370002e-8	0.001229330129496	0.42651467819760003	-0.000021183027747220002	0.00035096075908870003	-0.0018884463636840002	-0.8671039700025	-0.9630684350803	0.007192965958345	1.540827938045	0.3478851816173	2.030437162903	0.0518640920858677
0.00001077197748057	0.000010092230662480001	0.00032838046266	-0.0002481517001331	0.0021781210115110004	-0.003639701919176	4.3652565668229995e-9	0.0015273137607230002	0.4304761654138	0.000021077509652030002	0.0003469968197578	0.002154198487376	-0.8223072563009	2.239072680643	0.005019772597352	1.26980308725	2.115816132429	-0.9842973056682	0.03417609538588868
-8.051946353842e-6	0.00004700708662127	0.0003491113762663	-0.0002437876167599	-0.0026781218733190003	0.0006429638928704	3.9610518141260006e-9	0.001496263122733	0.4274987243876	-0.00003908659583473	-0.00031331817392459997	0.002541230364573	-0.8879647411773	-0.9110380421914	0.005403834628435	1.462882360549	-1.728461657205	2.109046155499	0.04556168607035356
-7.2722754038029996e-6	-0.00004549900438928	-0.00020153643685110002	-0.0002462350330973	-0.0019148952021090001	0.0026929871009670004	1.23483707616e-9	0.001205292378137	0.4289877550553	-0.0000245675822039	-0.00017338065372440002	-0.0019511048332380002	-2.162098375162	1.06903466906	0.006445071293013	1.484870212525	0.7499412437675	-2.065927946216	0.029994650739333013
-9.013978869818e-6	0.00004415008628098	-0.00044065878659110006	-0.00017238975228020003	0.001983103108461	0.004870677275676	8.001829545927999e-9	0.001269106156502	0.4303487579761	-0.0000418924994406	0.0004196131582546	-0.002171174768523	-2.086908207473	-2.011883696261	0.002375112512256	1.470574978638	-1.179810252216	1.18309923031	0.04433522495066849
-9.261315000631e-6	-0.00002014710655496	-0.00015677029674760002	0.0001996634829389	-0.002063793915572	0.004183971048228	2.716064072952e-9	0.0012383840588749999	0.42552261639340005	-0.00002521271622916	-0.0001892717409589	-0.002023932952537	-0.8719330633113	2.15666015973	0.004644956534837	1.324799874004	-1.031714132074	-1.080957630466	0.03277636591077964
-7.884625587289e-6	0.000018356997047430002	-0.00019991609178770001	0.0002364240489047	0.002303882786065	-0.0012615327465520002	3.205851982696e-9	0.001226330757422	0.42838322395149997	-0.00002471695452256	0.0002395510298935	-0.0024834391209870004	-0.9495803119331	-0.9693843144751	0.006252550272622	1.222668778739	-0.5112243952932	2.02389983574	0.04116182082854123
-0.00001032913110866	0.00001836241228837	-0.00023092435061720001	0.0002138151877655	0.002030784336423	0.003219642292853	3.998126693127e-9	0.0014893241744620002	0.42956433092140006	0.00002449837406749	-0.00025501503774630005	0.0020219989681560004	2.235017929518	-1.010463403405	0.005902535566071	1.347127470715	2.443289002109	2.05856741297	0.035699073829220135
-7.220376452325e-6	0.000041242684914280005	-0.00008471480967750999	-0.0002762169460466	0.002517900620825	0.0012285460990349999	1.413548186623e-9	0.0012488477348460002	0.428506237294	0.00002398221265017	-0.0001198036064287	0.002622455392772	1.975733104777	-1.170832403422	0.005590975969033	1.289423210582	-0.05162842797282	1.87683251813	0.03002803223892831
-4.555726155657e-6	-0.000028888563543110003	8.114843386192e-6	-0.00022621652928630001	-0.0020767303168579996	-0.001883515672991	7.926958093481e-10	0.001275669278072	0.4273838551004	0.00001797206070574	0.00003138590937792	0.002117651685027	1.89382456567	1.796431282138	0.006725567759653	1.32023287965	0.01513037495058	-1.447794276332	0.033698759291010634
-9.27705848595e-6	-0.000015644754283900003	-0.0002719055751722	0.00023424427877340002	-0.002213343983101	0.0010068428161330001	4.8596703501800004e-9	0.0011934894162759998	0.4270940582537	-0.00002316342985098	-0.00030337683756610003	-0.002284158741215	-0.7679034367902	2.294070428966	0.006730713098913	1.246766181887	-0.4852507798202	-0.9828393103155	0.04477102243021285
-9.019754529208e-6	-4.429155934383001e-6	0.0004879585084793	0.000280089923067	-0.002486848799636	-0.0016772782458590002	4.878055157107e-9	0.001220292920571	0.42970293330060005	0.0000130883047437	0.000464016838274	-0.0024503056670699998	1.096949780428	-1.994192402885	0.005563427920752	1.351316200329	0.385335105593	1.169864241658	0.030712250682570837
2.8270304598799997e-6	0.00001112569607644	0.0002533593966378	-0.0002470981784871	0.00244447483086	0.00004551687084778	2.2470083301710003e-11	0.001313397283667	0.42931706404500003	-6.103583065182e-6	-0.0002139594658957	-0.002626515465667	1.790355755237	1.811084940494	0.006015610248381	1.180283895732	-1.145574008496	-1.366847828896	0.010493476374486152
-6.830906226495001e-6	0.00004369863521465	-0.000114470345209	-0.00025054364316420006	0.0021291295255890003	-0.0032521638333570003	1.586721836427e-9	0.00146957656381	0.4298731221709	-0.00002935697789943	0.0001457388446909	-0.002123423362917	-1.019423838893	-1.095622675632	0.005624976168858	1.277276556735	2.482569170213	1.962787821797	0.03708889990564281
-7.558920030752001e-6	-0.00003981584101986	0.0001071378487619	-0.000224550055865	0.002151747078998	-0.004560784440304001	2.2586345432569997e-9	0.0012125486407320002	0.4251259614613	-0.00003177057242453	0.0001422321748469	0.002088341523216	-2.251208436641	0.8021155810989	0.00357907687518	1.38450254819	3.14159265359	-1.992165108599	0.03612997598878275
-5.4623741241939995e-6	0.00005055344178913	-0.00043593478360510004	-0.0002275908702353	0.002296136880238	-0.004527213334576	8.035935270622e-9	0.001552825122982	0.4309677729882	-0.00004248381116326	0.0004536910711438	-0.002208064535966	-0.6565241552562	-0.7266371571635	0.002816330954906	1.252384742371	1.073162322628	2.250857594563	0.07535778927724522
-4.50922063274e-6	0.0000302613530808	7.4874736164959995e-6	-0.0002423379516188	0.0021686392642390005	-0.001599160912043	6.26245897263e-10	0.0014111201347390002	0.42864032424369997	0.00001925189517207	-0.00002801959543865	0.002213564428126	-1.24897693214	1.812261487189	0.00662003972691	1.300093680106	-3.14159265359	-1.428580676072	0.030849962209957928
-8.401330391678e-6	-0.0000148654010017	0.0003133150052213	0.00020693085342690003	0.002061855472927	0.00490842729008	6.584988232003e-9	0.001246487118333	0.42555574067089996	-0.000020954262430310003	0.0003338417980663	0.001948330136264	-1.009502392964	2.03429960286	0.003064758052915	1.400077855365	-1.414100028103	-1.169687349617	0.050354925444200414
6.5615878615e-6	-0.000029435187818980002	-0.0001875839270445	0.00021829367322750003	0.002382074614962	0.0045388295140580005	4.0315352899760004e-9	0.001555768577612	0.43191745944410004	0.00002836990489591	0.0002242786516695	-0.002245799239558	2.536667975278	2.464168585894	0.002705923326611	1.252358763359	0.469846882865	-0.9363220167908	0.05029203863881194
8.555364076016e-6	-0.000011318312721850001	0.0003243132599916	-0.0001978448118719	-0.0019778895336080003	-0.001145843720279	1.4554800182000002e-8	0.001529173630708	0.4276309975802	-0.000018580984825579998	0.0003370099593534	-0.0018751243153920002	-0.7161765504191	2.330933709835	0.007277264554445	1.500279564609	-2.828313396859	-1.03342276071	0.06489011701672154
2.818162052794e-6	0.00002923746789956	-0.00006820650771449	0.00019306095134439998	0.001548916259706	0.003969055703571	2.750502945465e-11	0.0015547735454989999	0.4325810808823	-0.0000149746780248	0.000035108649087920006	-0.001544581022114	2.903752797856	2.754266615452	0.005878923720062	1.771040917525	1.846148727593	-0.1423115503438	0.011625823392711012
-5.199348280444e-6	0.0000210160157334	0.0002483198961837	0.0001492715819064	-0.0020669299034259997	0.001371718624952	5.763522413274e-9	0.001233426023572	0.426936962347	0.000011930846175550001	0.00021204764808210001	-0.001806070642812	-0.5075160328552	2.604684198639	0.007115969128476	1.635451611	1.204314894462	-0.8669918412667	0.09415507936154592
7.354119095079e-6	-0.00003458806383548	-0.00007255289657313	0.0002381751428734	0.002332676922873	-0.0016187726455260002	1.6162396245249999e-9	0.0015109468023829999	0.4269738628234	-0.00002861665959785	-0.0001094102704177	0.002512334086742	-2.262154324113	0.8693870629216	0.005916735154729	1.337981227979	0.7232242437036	-1.984011901562	0.033928400237816514
-7.373118738104e-6	0.000027744728573110002	-0.00006602529554307	0.00019095237090680002	0.0024368508714130003	0.001343795322105	1.825170154825e-9	0.0014884674828040002	0.4288313422737	0.0000172674062723	-0.0001001699427671	0.0024473914910830004	-2.361615643927	0.6822793575354	0.006024561271399	1.304614053989	0.845011634432	-2.008583304558	0.0350708543010793
7.796695727719e-6	-0.00004963506818148	-0.0005231823087293	0.0002286497715959	0.002493165243066	0.004029878567325999	8.485830575274e-9	0.001159786033271	0.4240527722028	-0.00004309526413142	-0.0004937667360113001	0.002347894236164	-0.4131878333893	2.68113256865	0.003134179916075	1.274774193379	3.14159265359	-0.6633560265216	0.05944512472060065
7.3006167075680006e-6	-0.00004266281962323	0.0001578482811345	0.0002326475525872	-0.002129192963276	0.0013706917449039999	5.102525657689001e-9	0.001483876416632	0.428583065643	-0.00003071493647875	0.000191626946146	-0.002144964029925	-2.117810463173	0.9391402059953	0.006659042391263	1.535811702895	1.080739988529	-1.893471542518	0.0603437750639898