0.0009100209619548	0.003976999478083	0.0005229756039692	0.006288164122882	-0.002150246636258	0.2521555490051	0.0001677707123061	0.008625425709311	0.1606607700671	-0.0003484378131464	0.02009541439399	0.07479355151669	-0.02354086669857	-0.00798389182673	-0.01000023141375	-0.001076736551578	-0.3808434832317	0.1750418752842
0.0009098183003905	0.003975420243859	0.00052051879433	0.006280966841266	-0.002157262373222	0.2521581780682	0.0001677176772276	0.008624254716781	0.1606639142399	-0.0003482476377593	0.02009300714593	0.07477119126601	-0.02354083292172	-0.007983320294992	-0.009998995068137	-0.001076956277003	-0.380869651741	0.1750856504508
-0.0002440393635702	-0.0003067335863872	-0.001753049004982	-0.003528195195563	0.01207041412685	0.308982474302	0.000316225995044	0.005246613172074	0.1191996706368	0.0001153837773274	-0.001739128750399	0.007738786845841	0.006869415739334	-0.02114451487806	0.02035262106686	0.3007763908238	0.0003524552514163	0.4445569810364
-0.0003614152765628	0.00001972567369607	-0.001721965678513	-0.004598717870634	0.01060979077314	0.3059615267837	0.0003583852174123	0.004485789030874	0.1198278242152	-0.00002802283342631	0.0054277957081	-0.02011678152742	0.005683654329749	-0.02143475718684	-0.0007421994909645	0.1074370973484	0.006293155828264	0.4439772581952
-0.0003616961698319	0.00002003289746619	-0.001710017374824	-0.00457648308106	0.01051349338032	0.3062287206424	0.0003583601010871	0.00446176843075	0.1197855964376	-0.00002970657519434	0.0054226944643	-0.02015697584765	0.005672555647672	-0.02141999395049	-0.0007378555641554	0.107241952304	0.006178513882021	0.4479127844683
-0.0003604323419369	0.00002015803477781	-0.001712965090019	-0.004581056752931	0.01052376374768	0.3061714568478	0.0003569738508199	0.004466314916749	0.1197645913657	-0.00003009005721004	0.005417134158386	-0.02014350377541	0.00566483901998	-0.02140404015646	-0.000742460538279	0.1072726732346	0.00656383156475	0.4473154402475
-0.0003602366177203	0.00002099139220811	-0.001706479107508	-0.00456423999008	0.01044771199653	0.306231559741	0.0003565379232836	0.004444342951464	0.1196577851277	-0.00003150517985574	0.005413484759102	-0.02013720264566	0.005664236728733	-0.02141616115453	-0.0007245501423373	0.1073367719337	0.006295932520644	0.4503549796884
-0.0003594668621839	0.00001953226903247	-0.001708276042445	-0.004563856173817	0.0104589848256	0.3064145601583	0.0003560993288646	0.004449621337234	0.119711977861	-0.00003170301071063	0.005417418927878	-0.02018307170343	0.005655922166648	-0.02140018337671	-0.0007357099047293	0.107069930784	0.006464321462608	0.4500938176632
-0.00004152471964614	-0.00002893184819963	0.00009789170338459	-0.004202738155308	0.001275917902581	0.3364876271924	0.00002428810260019	0.004056829886716	0.0880468860987	0.0001443631710377	0.005047940825398	0.02296012823936	0.01034517348557	-0.01949909990049	-0.001769370803908	0.1042740415081	0.2724329449342	0.5929483217624
-0.0003575847370708	0.00001978013182073	-0.001703251914908	-0.004539156094252	0.01033266997373	0.3065814870462	0.0003538865807659	0.004420709867231	0.119493751015	-0.00003549206896986	0.005387992674781	-0.02013241662972	0.005642544288594	-0.02139593190854	-0.0006748485179589	0.1073709615274	0.006189839802454	0.4553367619454
-0.0003558155741842	0.00001900945266824	-0.001696067579075	-0.004517461280236	0.01027037123561	0.30654536217	0.0003523490699461	0.004400969299331	0.119386794397	-0.00003665124119456	0.005391671465108	-0.0201837072524	0.005634453110948	-0.02140382662399	-0.0006917947497692	0.1070482258904	0.006493397246518	0.4580802070987
-0.0003579096218413	0.00001899868839286	-0.001693829236931	-0.004519079886142	0.01026531604883	0.3066559697417	0.0003544117230302	0.004402850262081	0.1194583942159	-0.00003680906701629	0.005391593617419	-0.02019542605426	0.00563667224861	-0.02139580685405	-0.0006961154040914	0.1070167409052	0.006160582183752	0.4582383097671
-0.0003567604048145	0.00001931059937005	-0.00169995883847	-0.004526862333448	0.01027499634902	0.3066693586278	0.0003531159260858	0.004409382165319	0.1194072510907	-0.00003744057367705	0.00538823201743	-0.02018176212971	0.005634204552175	-0.02139505045454	-0.0006936669216454	0.1070861710414	0.006433662558104	0.4577900388969
-0.0003569983223625	0.00001959923116202	-0.00169078970579	-0.004510366461255	0.01023084057625	0.3066621419068	0.0003532229247479	0.004391166227151	0.1193983439108	-0.00003770821163899	0.005389821225341	-0.02019515372513	0.005632738835088	-0.02139812150364	-0.0006952408960026	0.1070210438781	0.006238313032624	0.4595889740098
-0.000372531088944	0.000149615077106	-0.001797112215564	-0.004484256176902	0.00944972577402	0.3082167932741	0.0003258951147024	0.003860764056692	0.1192544951943	-0.0001643006031318	-0.003893497768471	0.01368106681542	-0.005320342540166	0.02133146012235	-0.006090865311498	0.1546620156141	0.07330787832303	0.4760667265628
-0.00004129129720785	-0.00003262692975413	0.00006645307611403	-0.00438229243	0.0009490713474766	0.3379997736877	0.00002410047097036	0.004218018719408	0.08802424578163	0.0001358164376835	0.004945642550045	0.02242264040228	0.0101668407246	-0.01939740314529	-0.001337488146367	0.1064642618745	0.2862454722871	0.5710769076939
-0.00004392202805021	-0.00003006486890718	0.00006947092025171	-0.004386707782103	0.0009049912977069	0.337010083826	0.00002787141331546	0.004230149530769	0.08888472224039	0.0001337641839196	0.004968952344587	0.02246542330227	0.01010832455735	-0.01945051279609	-0.001354477858343	0.1062210681493	0.2941968806452	0.5688244422889
-0.0003470457652176	0.000329630190095	-0.001886064321651	-0.004177677703238	0.008756888884423	0.3099074933176	0.0002074967815359	0.003390363120663	0.1182287417262	-0.00009775552579425	-0.00323868248585	0.009306738814222	-0.00524704299607	0.02110648245944	0.04335133519691	-0.221933364482	0.05707480740335	0.4852602631364
-0.0003054271540674	0.0001920271904991	0.002798265213099	-0.004904125660516	-0.01320894619882	0.3247027205043	0.0002286323875295	0.004432182967478	0.1063095951335	-0.0000878892835848	0.00232066635659	-0.007415640796457	0.007823599097135	-0.01991580126538	-0.04761073470429	0.2984644050155	-0.2837535577963	0.3760914364919
-0.00004135882971526	-0.00003048378750003	0.00008435148816005	-0.004327938755021	0.001028551588576	0.3389368315679	0.00001864747249561	0.00418070790236	0.08602056580317	0.0001386740320072	0.004990165696334	0.02286385604767	0.01046144412464	-0.01934248046531	-0.001684870084874	0.104876777349	0.2660457014078	0.581372818969
0.0005891413828115	0.0007669124865706	-0.001062385381743	0.002249621946126	0.0315734149977	0.3784501304597	0.00006036917626166	0.002308596986432	0.04563694401883	-0.001077650251523	-0.01611751773939	-0.01928318272926	-0.08399858561248	-0.004742170164243	-0.01584932271791	0.01768530890616	-0.6236802892759	0.7791796090306
0.0007948567524319	0.003839229819758	0.0003397653051793	-0.002499330852784	-0.001167064157612	0.1560654718028	0.0005361233355114	0.01367457729621	0.2609885819209	0.00001418155246555	0.02224043016256	0.064308053247	-0.01446003277588	-0.01064282525789	-0.01734139012646	-0.01088833871638	1.165035218486	0.1817407918924
0.0001052381344064	0.0006776851172494	-0.0005550743602757	0.004030014280755	0.01495698571167	0.4001009867148	6.539440980174e-6	0.001167260720578	0.02211310397989	-0.0002386158135453	-0.005618336509911	-0.03703791162743	-0.1737497807819	-0.004231032915748	-0.01894414586101	0.008905476281491	-0.9390065898342	1.350571513932
-0.0003641753219417	0.0001542834292178	0.001744196707995	-0.004528170091201	-0.0089745298553	0.3091320770116	0.0003110076733205	0.003892714007171	0.118304321487	-0.0001552392162583	0.003812552466967	-0.01379884135886	0.005302226954048	-0.02128405599727	0.006112294400841	-0.1535319351157	-0.114896423046	0.4936704841617
0.000780714948017	0.003920816300323	0.000338757035748	-0.002178966393804	-0.001156523868738	0.1564349806666	0.0005495116254266	0.01384105251185	0.2600877998278	0.00001385203454003	0.02227543852539	0.06579818025184	-0.01449552467414	-0.01058305755925	-0.01725247784017	-0.0112047213137	1.166570582098	0.1816757618256
-0.0003648365930844	0.0001541723802852	0.001745686751397	-0.004540011959881	-0.008974538480621	0.3090312782078	0.0003117099162647	0.003904786600218	0.118258716671	-0.0001551048870353	0.003810122920452	-0.01381005269582	0.005304671338133	-0.02128643619992	0.006083401790968	-0.153424059159	-0.118876355485	0.4931554380805
-0.0003640161209983	0.0001522582180695	0.001744110036149	-0.004536465501183	-0.00897296968673	0.3090938733431	0.0003114505613688	0.003906586480743	0.1182703100605	-0.0001554339992044	0.003835810469133	-0.0139110726068	0.005307873572658	-0.02128395970662	0.005943369140067	-0.1523519435901	-0.1194678184768	0.4933801040422
-0.0003639015871575	0.0001510405704808	0.001740513679861	-0.004530015379093	-0.008968733145428	0.309038359251	0.00031169031868	0.003904611784162	0.1182484757546	-0.0001554144758077	0.003848315622655	-0.01397377017781	0.005314019521548	-0.02129515834448	0.005849905586766	-0.151702878537	-0.118311784382	0.4940426054869
-0.0003636418642706	0.0001516542008422	0.001743842900587	-0.004544067461953	-0.008977625140073	0.3091677044165	0.0003113278667284	0.003917013009888	0.118281466798	-0.0001549927204442	0.003840209489417	-0.01394294542599	0.00531016772572	-0.02128118873614	0.005906061838662	-0.1520285493361	-0.1204287971378	0.4929772575188
-0.0003631806910176	0.0001524775548125	0.00173548195142	-0.00452776081135	-0.008930048855715	0.3091361144333	0.0003105942036431	0.003898246161435	0.1182494893382	-0.0001547473173322	0.00383347135523	-0.01392145180457	0.005304177278479	-0.02128608032628	0.005952867552697	-0.1522781307588	-0.1237644729248	0.4951332675264
-0.0003630180022779	0.0001511722674141	0.001737918736662	-0.004541537704471	-0.008947598877257	0.3091152841382	0.0003107871851448	0.003915502103637	0.1182349584019	-0.0001549912771767	0.003839679793827	-0.01396545219481	0.005305564166963	-0.02127884180562	0.005870129736786	-0.1517777013353	-0.1247618716365	0.4940346794285
-0.0003624972501481	0.0001498646730581	0.001739602447635	-0.004541090396917	-0.008962991054876	0.309119413131	0.0003106691315732	0.003919794738615	0.1182426850517	-0.0001549530266247	0.003858590454728	-0.01403710563456	0.005310514082512	-0.0212797014	0.00576938321539	-0.151078156288	-0.1237107266617	0.4936045851254
-0.0003627402450212	0.0001516163607142	0.001738377148289	-0.004538571163028	-0.008943474699077	0.309174431679	0.0003104249360659	0.003911101421063	0.1182570651615	-0.0001550055096775	0.003843148093586	-0.01396757106277	0.005305457866728	-0.02128261578928	0.005865251012549	-0.1517600118377	-0.1267494265608	0.4941492962431
-0.0003633768323961	0.0001493901602596	0.001739410065426	-0.004541107766366	-0.008958172554469	0.3091055483257	0.0003117296662939	0.003920898847745	0.1182306904054	-0.0001551510336505	0.003865887622128	-0.01407677548202	0.005315327645523	-0.02128494922727	0.005714467967972	-0.1506378880954	-0.1237747846955	0.4937391627357
-0.0002861985954845	0.0002867531525972	-0.001458257927591	-0.002799487389445	-0.01029885381271	0.3086122056253	0.000343457284439	0.004365299318314	0.1190197495704	-0.000101290943521	0.001057049539452	0.005289487820747	-0.006925794307138	0.0212163958735	-0.03722017749031	-0.4429634992714	0.00334875225105	0.526916854562
-0.0002863589617823	0.0003019644679159	0.001747034494382	-0.003174704791131	0.01165937214811	0.3086894181175	0.000352544372799	0.004783004893523	0.1197052427434	-0.00009687943654072	-0.0009774557142256	-0.004699524814835	0.006645589064247	-0.02117949742722	0.04329627816996	0.4932220258771	-0.03680032543476	0.4639171976015
0.0005841966964882	0.002434608204277	-0.004648558893683	0.1632542482433	0.006547236844735	0.003010145028428	0.0005496162787396	0.2461040242285	0.01676766247586	-0.02087288203036	-0.0009112997972136	-0.08652417670662	0.01501349869392	0.009665441090855	0.01624258363756	0.01415304402873	1.106587955191	0.1452063561665
0.0001788279946666	0.0008120520302782	0.00003285119346469	-0.0001002394783546	0.0004968760667362	0.3447473078774	0.00002387506087425	0.003510257220196	0.08159492166421	-0.0001237094290149	-0.007153754676305	-0.03022612047947	0.009903522641044	-0.01881310871142	-0.02289838600779	0.08135602600112	-0.2462732322709	0.6732388152556
0.0001783908444489	0.0008110513422224	0.00003225931971873	-0.00009718557227235	0.0004881599621167	0.3448009607863	0.00002388082631203	0.003506405034358	0.0815230654511	-0.0001236193073006	-0.007141979570857	-0.03021664753373	0.009913924343604	-0.01881034289203	-0.02290039829681	0.08139333794948	-0.2472768509235	0.6749462175344
-0.0001933774671378	-0.0004528156550388	-0.00231206959715	-0.002980596496447	0.01736971256843	0.3248790958478	0.0002954079955218	0.005201025842524	0.1017396684518	-9.326376002183e-6	-0.002828988328592	0.01090080097674	-0.007953337350462	0.01990317198671	0.03694014263725	-0.2154574171071	-0.3291530509833	0.3776092661379
0.00001172976603553	0.00006306176339697	0.00005717726979055	-0.001274841600366	-0.03110170277087	0.3251930382299	0.0003499778200923	0.004600339175122	0.1000146709919	0.0004908714288716	0.001556492764978	-0.0002310491970005	-0.03840234430101	-0.005595560504022	-0.09872166853278	0.2397183091285	5.33679977349	0.7614506179596
0.00001099763540625	0.00006237415420098	0.00005328796973012	-0.00127929179174	-0.03108918049782	0.3251972665348	0.0003507426617347	0.004601823958118	0.1000318056268	0.0004908659195937	0.001555153907864	-0.0002351297697795	-0.03839322745376	-0.005593522907368	-0.09878364040587	0.240055090127	5.343016604171	0.760110876576
0.001782740938412	0.004577969925695	0.002553879196985	0.009344884766519	-0.028332354834	0.2975855354209	0.0001281922309998	0.006522773267886	0.1142328608732	-0.002706226706107	0.0269476667702	0.07214578125429	0.03322979054555	0.005534496157553	0.01098374851673	0.006315327603455	-0.02545063109091	0.1484048972443
0.001783249692221	0.004580545767592	0.002555633835719	0.009354951989146	-0.02833281532393	0.2975922608507	0.0001282863335506	0.006523516019051	0.1142313141615	-0.002707107692341	0.02695208011374	0.0721762877303	0.03323020293091	0.005534633122529	0.01098432395455	0.006317237298591	-0.02533251980677	0.1483901318489
0.0006681243723102	0.003101853213034	-0.001044800763753	-0.001415614095867	0.003277990051832	0.177970426953	0.0001944537734117	0.01255044295917	0.237025741559	0.0002540336820118	0.01973594562012	0.0718700001295	-0.01586308378866	-0.00916702537618	-0.0169128786903	-0.008720086463086	0.7408681404089	0.1393810091349
0.0006662381049217	0.003087897282986	-0.001030323940422	-0.001438410107418	0.003277328536135	0.1780533467209	0.0001919536526373	0.01252753163041	0.2369777463508	0.000250527099474	0.01969250245964	0.07174186267114	-0.0158687878546	-0.009168425937106	-0.01692304528673	-0.008661774663352	0.7384276756734	0.1390156221799
-0.0003458842062537	-0.0001434767513059	0.001792382829644	-0.003038439579235	-0.01017661871296	0.3134522851595	0.0003066096564478	0.002376877929083	0.1139575385886	0.0003620266073234	-0.0030619928845	-0.01295223412603	-0.007629816810002	0.02092450814986	-0.0069598217089	-0.174307063614	-0.782976809953	0.4314905383901
-0.0003173891702609	-0.0001549997301042	-0.0007907311057698	-0.005101569267368	-0.001670920128381	0.3041485995597	0.0002702875436407	0.004441896554184	0.1233408071991	0.00008814635209049	-0.004120039720956	-0.0161714927207	-0.005424110333026	0.02164166822588	-0.003586743282603	-0.1326151118439	0.6412471675628	0.5172993754852
-0.0003064767258344	-0.0003526791343852	0.0009931989122344	-0.003678693105851	0.006206287242402	0.2997294322258	0.0001509939422455	0.002878287217094	0.1280756928527	0.00009887362992571	0.004263610811327	0.01052405701883	-0.005531635207207	0.02185426894115	0.03936007201817	0.196132026962	0.5580876137696	0.492809369634
-0.000305678044341	-0.0003519303036499	0.0009799830954297	-0.003668336002748	0.00614471957311	0.2996546876365	0.0001502200421581	0.00287020371879	0.128211000273	0.00009962314667195	0.004303350449897	0.01060284422735	-0.005530409804151	0.02185679921846	0.03916165359003	0.1946395878398	0.5570830414687	0.4946645081532
-0.0003047217428866	0.0002368811370834	-0.002060063443521	-0.004545085386503	0.008791860839324	0.3138527467368	0.0002294746014242	0.003665018182963	0.1150301214916	-0.0001037439115781	-0.001234203496294	0.004450948551996	0.006315617484757	-0.0208531813007	0.04862809251306	-0.4843846905939	-0.4290987368624	0.4913219028113
-0.0003061139175297	0.0002412314898958	-0.002015598217307	-0.004627445533523	0.008636285692656	0.3132444860172	0.0002292357151502	0.003724254712774	0.1145567966866	-0.0001074989008816	-0.0012911177749	0.004714202786175	0.006433975966341	-0.02093139564255	0.04496433369931	-0.4602392028265	-0.5172865169126	0.4929481654446
-0.0001860504272076	0.0002763171370909	-0.000702265877506	-0.002684220661737	0.0006133967288595	0.3294785341633	0.0002481330733138	0.004254947448119	0.09804558183752	-0.0001589704302683	-0.001993481394008	-0.01100780583312	-0.007540246999228	0.01986276522195	0.03962737438093	0.2138294552464	-0.8021010247303	0.6770967744022
-0.0001827908326006	0.0002778332282766	-0.0007076495470928	-0.00273954280607	0.0006200835996988	0.329528322662	0.000245495646668	0.004312710070133	0.09803583358617	-0.0001595836614777	-0.002019506983224	-0.0111255823214	-0.007553667113567	0.0198421694016	0.03931490371514	0.2116158518655	-0.8028512188963	0.666965074565
-0.0002362215567375	-0.0002796095881292	0.001400045375374	-0.003588645138066	-0.008919731276321	0.3113801557029	0.0003012686390987	0.00508760348088	0.1168695042486	0.0001065233630063	0.001208875341201	-0.006177630710799	0.006700608900338	-0.02103252936133	0.03127005405483	-0.3762865621529	-0.677473402927	0.532598167576
-0.0002495202254033	-0.0003157292413422	0.00189145586222	-0.003391408323665	-0.01179250086052	0.3110376520284	0.0003141763758591	0.005084584500533	0.1171313239212	0.0001094848532389	-0.001222344564334	0.00609648655051	-0.007019017568898	0.02100550922645	-0.02995543412026	0.3848464436175	0.1080595163599	0.4687012711499
-0.0002494109067547	-0.0003157358841509	0.001891637743351	-0.003391449044542	-0.0117903709864	0.3110470690458	0.0003140719359988	0.005084731818172	0.1171192643162	0.0001095192503495	-0.001223169295488	0.006101907573699	-0.007020073752378	0.02100464980737	-0.02991808529036	0.3845173396547	0.1054997686138	0.4688315909947
0.00002937404424997	-0.0009989747748525	0.0001359583144139	0.0007642187435231	-0.0117974809388	0.3294136558659	0.0001929222872066	0.00413288896789	0.09430626918507	-0.0001551649013781	0.007700606395221	-0.03693492287873	-0.008866360290476	0.01951192677228	0.02067857918861	-0.06811170604992	-0.3041808489859	0.5411787077537
-0.0003102023662575	0.0002933946568703	0.002436209308473	-0.004551389661186	-0.01096763304733	0.3248252335134	0.0001952875305046	0.003782173310951	0.1048356265793	-0.00009108171331828	0.001860337577127	-0.00580091880168	0.007593654249619	-0.02001353005726	-0.05882183283961	0.3766964796645	-0.268393648542	0.4310198216942
-0.0002464406268401	-0.0003158413037976	-0.001892214575873	-0.003387992915572	0.01173477181742	0.3112673897112	0.0003111519988224	0.005084455154217	0.1168638152713	0.0001103458620581	0.001246525992777	-0.006244169507703	-0.007055646735512	0.02099086605154	-0.02893860877644	-0.3762106040144	-0.05113923393734	0.471968650491
-0.0002323662555224	-0.0002798546663851	0.001373025284964	-0.003647912188288	-0.008632163243531	0.3117260135684	0.0002973433341802	0.005145400546339	0.1169693505676	0.0001068527954839	0.001205911727817	-0.006215396271789	0.006720591278938	-0.02099890112597	0.03103496379621	-0.3747178582588	-0.7848155976782	0.5307237050458
0.00003042629456337	-0.0009999849625146	0.000148271317399	0.0007017317893967	-0.01208781532179	0.3294874717872	0.0001937166157563	0.004174220495501	0.09441105527921	-0.0001626054798726	0.007744102965897	-0.03674202089749	-0.008828281891939	0.0195044406206	0.02071389861604	-0.06836553551125	-0.3079316168399	0.5287151725489
-0.0002584028141717	-0.00001738296029878	-0.001966823253097	-0.004059313700579	-0.01075353798784	0.3247437645888	0.0002466223264795	0.003962956872743	0.1019235921736	0.00006100766619203	0.005114123065988	0.01992405291554	0.00857794858217	-0.02013629380065	-0.0003014230253742	0.1158869793571	-0.02274444832387	0.5070041799204
-0.0002583941850797	-0.00001722540059098	-0.001966226063901	-0.004058418756195	-0.01075083102982	0.3247395680493	0.0002466467645478	0.003962661620419	0.1019221150494	0.00006105754106757	0.005115138404806	0.0199326363347	0.008578414690248	-0.02013640962989	-0.0003071128669725	0.1158421526992	-0.02235124688225	0.5071593404347
-0.0004135692887656	-0.002076396176163	-0.001808373911082	0.03281245735902	0.0005046022004512	0.26507611056	0.0004639613532106	0.02746022097505	0.09968317819819	-0.000925940467432	0.004951468846878	-0.1502141694892	-0.005853526654735	0.02180447895246	0.01254787955091	-0.02520628639153	0.1468310343328	0.4838315155802
-0.0004165579932006	-0.002083611493174	-0.001817706428417	0.03330153976362	0.0004896691939798	0.2646830644341	0.0004665939830411	0.02771266023638	0.09950723657328	-0.0009348564308221	0.004932581864576	-0.1509984817025	-0.005860243579437	0.02180250460509	0.01255498420948	-0.02516983166418	0.1456221999578	0.4837467146847
-0.000247702710114	-0.0003117344158779	-0.00184244386304	-0.003355716868468	0.01143830965849	0.3113211743396	0.0003116313406222	0.005031545237033	0.1167466131822	0.0001098375995957	0.001225552803879	-0.006212619691902	-0.007040788852166	0.02099955147953	-0.0293701087924	0.378137608168	-0.05858165288253	0.482525704525
-0.0002474261490887	-0.0003117597413307	-0.001840344561336	-0.003353478411364	0.01142245574823	0.3113846628792	0.0003113425065706	0.005030533394341	0.1167288614481	0.0001101252311609	0.00122907379438	-0.006237635366677	-0.007042185420423	0.02099611712406	-0.02918447102372	0.376635523687	-0.05926846642014	0.4833351213049
-0.000246805264166	-0.0003125242919857	-0.001850929473905	-0.003363151657844	0.01146458034322	0.3113924282163	0.0003108965347343	0.005044140194523	0.1166808201671	0.0001103418364451	0.001238508158301	-0.006277245068714	-0.007054226433056	0.02098883350536	-0.02889372501302	0.3743711667245	-0.05745875772361	0.4817532989474
-0.000247557282793	-0.0003120191150202	-0.001843170014133	-0.003356937069161	0.01143799537465	0.3113610607773	0.0003115160872808	0.005034839028694	0.1167324912513	0.000110029831484	0.001230093426544	-0.006240458557866	-0.007045548497926	0.02099019822194	-0.02918689429438	0.3765527396903	-0.05956189034848	0.4825847481739
-0.0002486187151274	-0.0003113286520118	-0.001833410418235	-0.003349121724694	0.01139680234291	0.311319935324	0.0003124365221433	0.005024172584745	0.1167811188272	0.0001099609901408	0.001228207569744	-0.00623551731985	-0.007046633655424	0.02099878329633	-0.02922771033949	0.3768677020798	-0.06108664350457	0.4839446979517
-0.0002476169579374	-0.0003116395786942	-0.001840430507927	-0.003353952830508	0.01141965746421	0.3113414068189	0.000311517117321	0.005029833686759	0.1167202076523	0.0001099925133421	0.00122842782719	-0.006232756771583	-0.007043108196996	0.0209940817612	-0.02923710717047	0.3769350510574	-0.06100624611977	0.4832779897328
-0.000247682031211	-0.000311650710137	-0.001839661245132	-0.003351360637702	0.01141770670435	0.3113079422058	0.0003115867291707	0.005027842527198	0.1167165374724	0.000110134981333	0.001230316619797	-0.006240123433128	-0.007045154278936	0.0210007180347	-0.02917499235599	0.3765621014424	-0.06104966953849	0.4834288519141
-0.0002478456919103	-0.000311915838092	-0.001843255782025	-0.003358260476336	0.01143398596567	0.3113516194866	0.0003118081203825	0.005035756489093	0.1167268945371	0.000110125914881	0.001230377966191	-0.006241745129893	-0.007043139976077	0.02099225875519	-0.02916126374877	0.376400062306	-0.06092157542973	0.4826679566833
-0.0002464917918703	-0.0003126772515843	-0.00185385077872	-0.003366450030667	0.01147263135126	0.3114210160619	0.0003106269299419	0.005047956292037	0.1166592632015	0.0001103697243104	0.001239240427233	-0.006280661592834	-0.007054026695696	0.02098665418283	-0.02887066718024	0.3741654711003	-0.06094563557841	0.4814848697373
-0.0002458124818554	-0.000312898854745	-0.001856691683757	-0.003367515693666	0.01148089278269	0.3114484108676	0.0003099920916972	0.00505037407558	0.1166257356453	0.0001104670891988	0.001243312032803	-0.006299778678814	-0.007059985835442	0.0209844679248	-0.02873285280637	0.3730869194824	-0.06063783902806	0.48132865864
-0.0002584562751796	-0.0002146528299313	0.002077056021296	-0.004137881491823	0.009345058651693	0.3234807562272	0.0001867034356062	0.003314629975664	0.1040754075527	0.0001481898437619	0.003046024981922	0.01034711366203	0.008043046025593	-0.02026684979241	0.01211267296139	0.2152852076138	0.09773420533195	0.5099546242416
-0.0002375575061627	0.0003139950870948	0.001869156125928	-0.003380865866088	0.01142236360165	0.3118005455464	0.0003069996342575	0.005082567116126	0.1162409880473	-0.0001123536652433	-0.001335947369561	-0.006783371244607	-0.007146236428398	0.02095791665276	-0.02564285865381	0.3474933562814	-0.1142112106097	0.4837594668248
-0.0002371214998693	0.0003142597963977	0.001871640888318	-0.003382594439542	0.01143006230215	0.3118231100182	0.0003066140447202	0.005086117793642	0.1162133034975	-0.0001124908177994	-0.00134104012786	-0.006808676692275	-0.007152533564318	0.02095599623792	-0.02548769398074	0.346268476826	-0.1149341534944	0.4835641307094
-0.0002367404152808	0.0003141522945963	0.001868945548616	-0.003379382128605	0.01141581804571	0.3118604626243	0.0003062221230674	0.005082969934673	0.1162123408877	-0.0001125051553624	-0.001345540112074	-0.006834427554049	-0.007160822192313	0.02095210330841	-0.02534922829533	0.3450497672066	-0.1152994252118	0.4841959216953
-0.0002371187209214	0.000313804891136	0.00186545566642	-0.003372729152992	0.0113992904033	0.3117371475672	0.0003064807645665	0.005074564243909	0.1161877778236	-0.000112412243006	-0.001342192448846	-0.006817780974266	-0.007160225772945	0.02096208832372	-0.02544230339938	0.34592157926	-0.1154834703581	0.4848494988248
-0.0002367183374691	0.0003144889947188	0.001876002524529	-0.003386518523382	0.01144647243142	0.3118535433087	0.000306273363313	0.005090695843006	0.1161902461904	-0.0001124798177681	-0.001341063896586	-0.006806105549624	-0.007151036120785	0.02095372003077	-0.02550146621076	0.3463697588397	-0.1155346947356	0.4830180504927
-0.0002375793976225	0.0003139433036093	0.001863769505465	-0.003375512539415	0.01140066878634	0.3118041420942	0.0003070093430151	0.005078292196584	0.1162577559996	-0.000112524313052	-0.001339592414644	-0.006808165570247	-0.007152727477381	0.02096391064684	-0.02550405871444	0.346411109865	-0.1159405100044	0.4845571509222
-0.0002361784632836	0.0003146845931738	0.001878340637849	-0.003388293116526	0.0114520091664	0.3118829305634	0.0003057760183869	0.005093754087237	0.1161574812964	-0.0001125849102591	-0.001345301637883	-0.006827615405537	-0.007156284403852	0.02095142529172	-0.02537219668676	0.3453297795288	-0.1172748868786	0.4829032734683
-0.0002364157239733	0.0003145340342871	0.001877049915	-0.003387906983612	0.01144684906742	0.3118746965301	0.0003059869730682	0.005092255340465	0.1161704338704	-0.0001124986288154	-0.001342170221942	-0.006812380993787	-0.007152433445979	0.02095244755214	-0.02546609050205	0.3460656834999	-0.1183031969263	0.4830160120177
-0.0002361754223018	0.0003147231125634	0.001880223352308	-0.003391007898016	0.01145926817435	0.3118934450689	0.0003057936300347	0.005096073133742	0.1161545153166	-0.0001125156231826	-0.001342708183354	-0.006813439411672	-0.007151956018267	0.0209511252651	-0.02545664069069	0.3459995188434	-0.1185532379492	0.4825923527107
-0.0002362783693537	0.000314634094551	0.001879244548687	-0.003390791675851	0.01145379930253	0.311890505675	0.0003058817365081	0.005095300421035	0.1161569955837	-0.0001124959590913	-0.001341537300053	-0.006808817525203	-0.007150380213977	0.02095154367395	-0.02548885333674	0.3462207711053	-0.1202726099473	0.4827342398408
0.00002602975526104	-0.000961951484791	0.000104981810086	0.0003971382137827	-0.01018735024306	0.3336721816242	0.0001985212097736	0.004056075669508	0.0909564469866	-0.0001175380464394	0.007694005161536	-0.03497688013921	-0.008673102957335	0.01930987820248	0.02136617749295	-0.07073776541715	-0.3452011784669	0.5527063030054
0.00002544850565771	-0.0009623539941983	0.0001065963952038	0.0003950643927276	-0.01015159450169	0.3336096713779	0.0001992848622314	0.004056389657904	0.09091822660213	-0.0001166684626979	0.007696397943193	-0.03497039365158	-0.008669992420195	0.01931647092959	0.02137884012497	-0.07075985609215	-0.3456840784616	0.5528733365028
-0.0003181662781165	-0.0003469383458474	-0.001676793857722	-0.003869100377165	-0.007984103548793	0.3100143476253	0.0001674155880591	0.003009263260354	0.1187576664706	0.0001232672584122	0.00253447141451	0.00689410945481	0.006841021895471	-0.02106371957068	-0.05181586619993	-0.3098035324849	-0.04874394260825	0.5114737155293
-0.0000941778061143	-0.0007011485111723	0.00001193214649705	-0.0007212382549901	0.00507559227725	0.2794159159594	0.0002511205645322	0.003934979393166	0.1464373721696	-5.086554408651e-6	-0.006239901774151	0.02799251973063	0.005547784925492	-0.02328497135632	-0.02352251306742	0.08487621761329	-0.7104550690355	0.6148493673661
-0.0002308201921959	0.0004011215607292	-0.00005250299133779	-0.003482041995482	0.01112251575488	0.2749709781265	0.00006497328831322	0.002736298984671	0.1526165292857	6.36585937018e-7	-0.003336697522779	0.00777627087967	0.005454305130424	-0.02379237893971	-0.04463352669753	0.2652777465214	-1.278576042477	0.3039962849284
4.936615090361e-6	-0.00003848584591829	0.00001848098809106	-0.007598787698786	-0.001709282159793	-0.4741873252523	1.292937918456e-6	0.00747177833999	0.04775693820762	-0.0001572017976045	-0.01117431188346	-0.02266065080254	0.02130355345041	0.0140166264973	0.02462577455424	-0.01439743718509	0.2865013717211	0.2459281455027
4.952979790046e-6	-0.00003847621385183	0.00001847976548549	-0.007599341741438	-0.001659229511788	-0.4741940131367	1.290612998723e-6	0.007472793184536	0.04776493037355	-0.0001559671551933	-0.01117541150949	-0.02265942644136	0.02130057399392	0.01401638560889	0.02462569899132	-0.01439511754953	0.2862104103182	0.2458744937974
0.00003322723341343	0.00007453181001767	-0.0001034659947016	0.0004723721026042	0.0002488781091084	0.007540131073272	9.133278168204e-6	0.001009933675458	0.4202065295558	0.0002156950249073	-0.0001745694720949	-0.007993480119347	-0.008882420134187	-0.2592089658247	0.01978522330493	-0.2682033135919	7.698693154915	0.09795847651183
-3.091836045846e-6	-0.0007460789540743	0.001591439229138	0.0001193110117506	0.01524212348367	0.3316686478091	0.000200164230353	0.003773878299999	0.09342838773629	-0.0003934186569868	-0.006902435132772	0.02943855786174	0.008713884460852	-0.01949413655409	-0.02251312682969	-0.08305818254299	0.5608716797846	0.3874518635202
-0.0002755064526424	0.000372322875304	0.00182030925165	-0.003796363864458	-0.007963664619085	0.3240260276538	0.0001204297448665	0.002875180542276	0.1043230437227	-0.00009769603759694	0.002392286583665	-0.006699887323737	0.008007684453118	-0.02017724231624	-0.05288997344659	0.3246779757736	-0.2572662335426	0.5222401062206
-0.00027255202702	0.0003731448361768	0.001814347041995	-0.003793556106377	-0.007886033688777	0.3235791232856	0.0001171552194967	0.002868506586667	0.1047350183239	-0.00009769364362271	0.002377831848054	-0.006656670714093	0.008004496137895	-0.02019578024801	-0.05312003189135	0.3268573520276	-0.2478901536894	0.5236779558944
-0.0002225641653581	-0.0002166555430045	0.0002911309455048	-0.002621644663251	-0.008175306921894	0.2266676331893	0.0000583869206515	0.00201475815241	0.201239525577	0.0002409334218524	0.006086739165458	0.01194077445298	0.004372157380726	-0.02882070630417	-0.03228658871694	0.166746682424	-1.065850382099	0.4197087018509
-0.0002208585610076	-0.0002163268266234	0.0002807895242939	-0.002619317764458	-0.008186173200262	0.2265939768291	0.00005681753186768	0.002012865800993	0.2012944176626	0.0002409591233921	0.006097873378503	0.01195088954477	0.00437181615944	-0.02883093327183	-0.03225912366513	0.1665805714038	-1.051396565343	0.4195518168137
-0.000303223568202	0.0004435278287814	0.00003692989236454	-0.003470104501511	0.01279325416947	0.3192764401462	0.0001336709502109	0.002669661567413	0.1082266586653	2.475874518256e-6	-0.001192317303913	0.003075628484679	0.007989095723187	-0.02048367768488	-0.09504431940601	0.7007769852091	-2.783834981532	0.3383862372447
-0.0001634444068826	0.0003755473125703	0.001722834546529	-0.002365489023279	0.01169404897493	0.3235030182624	0.0002434601388373	0.004246939673719	0.1039480673161	-0.00007174918036139	0.002321169157209	0.0105134085488	0.008176241816139	-0.02014371165128	-0.03891177061706	0.2272725865561	-0.001704728319851	0.5682767458231
-0.0001633086942847	0.0003757978195253	0.001722988706488	-0.002361974688209	0.01168923571223	0.3234605364956	0.0002433826378076	0.004243682296134	0.1039464406637	-0.00007161858796696	0.002327291953944	0.01053925363668	0.008180766908103	-0.02014370993362	-0.03884122756187	0.2267486685187	-0.001702956120444	0.5684662988405
-0.0001635664879907	0.0003758637703396	0.001724663367876	-0.002363815306867	0.01169508691244	0.3233459082975	0.0002436672351749	0.004245994829873	0.1039044538308	-0.00007173528953575	0.002328824446789	0.01054918060126	0.008182972314217	-0.02015456235845	-0.03882773908164	0.226552833312	-0.001699808332691	0.5680506603939
-0.0001630282603454	0.0003762389221081	0.001723837873531	-0.002358030810526	0.01167689831771	0.3233132856763	0.0002432671605071	0.004241269592622	0.1039535380263	-0.00007178635175949	0.002335183231344	0.0105826922066	0.00818765319679	-0.02015241548461	-0.03873616487487	0.2258614728682	-0.001670443397415	0.5690586794712
-0.0001627626848834	0.0003764760038939	0.001724815438616	-0.002362381302443	0.01169361548434	0.3233328052545	0.0002430191594712	0.00424669153835	0.1039535220152	-0.0000716033574024	0.002336683614256	0.01058809945501	0.00818939916261	-0.02015187362485	-0.0387265136925	0.2257431873885	-0.001598107421039	0.568233665255
-0.0001626118534932	0.0003770904180779	0.001718478565225	-0.002349474116497	0.01166841410307	0.3234621656329	0.0002429758814111	0.004236370383839	0.1039587097564	-0.00007156140767276	0.002349787162474	0.01065466691003	0.008196224887502	-0.02014546142069	-0.03855960518931	0.2244091384946	-0.001670408921959	0.569874596012
-0.0001631839902185	0.0003775201819645	0.001719182463814	-0.002348006534827	0.01167698074996	0.3234385152199	0.0002436953973319	0.004236732512811	0.1039178640174	-0.00007151547869112	0.00235387334347	0.01066786237883	0.008193013523617	-0.02014257100505	-0.03853086115011	0.2240551271759	-0.001733666658947	0.5696576389876
-0.0001624000145805	0.0003773979014195	0.00171937195361	-0.002346187071779	0.011673475787	0.3234320186073	0.0002428996233444	0.004233803305453	0.1039635714092	-0.00007140197822738	0.002354617909484	0.01066774252535	0.00819719322569	-0.0201459251159	-0.03852108904772	0.2241296006061	-0.001654824091275	0.5698408023047
-0.0001627387370248	0.0003779243714619	0.001720867959674	-0.002345668042223	0.01168077014695	0.3233805983115	0.0002433567789099	0.00423574152025	0.1039426221599	-0.00007150773065811	0.00236225406718	0.01070491775609	0.008197470705023	-0.02014612245935	-0.03842413541306	0.2233249134279	-0.001714958265605	0.5696424804336
-0.0002674442119594	0.0002735111727853	-0.001684836646999	-0.004331482509803	0.007124844757395	0.314889604389	0.0001786726434661	0.003321532876954	0.1129914926033	-0.0001285299088571	-0.00205123361824	0.007348841035212	0.007512291464826	-0.02081995233424	0.02307619148149	-0.3019314829806	-0.3761423803378	0.5555121895473
-0.0001620272911632	0.0003796569373243	0.001719592094884	-0.002338909616383	0.0116819946448	0.3234502231701	0.0002430619459265	0.004237075585804	0.10399366023	-0.00007161613743419	0.002386920734458	0.01082860960534	0.0082070453249	-0.02014711077207	-0.03814433398168	0.2208756756198	-0.001640131883311	0.569910711714
-0.0002675310449274	0.0002732003672648	-0.001691459957717	-0.004326368595595	0.007156326965906	0.3148506463252	0.0001787660261777	0.003317773124794	0.1130233929663	-0.0001284783393513	-0.002046350257505	0.007322655564367	0.007505600576794	-0.02082510295847	0.02320371091314	-0.3030561657938	-0.3711978217284	0.5549547867848
-0.0001107694702595	-0.0005540780082829	-0.001273194548599	-0.001554779984466	0.01240793907914	0.3260274576367	0.0002420435243092	0.004123374518681	0.1009916132547	-7.559804589884e-6	-0.004668760488984	0.0197867282588	-0.008451488806979	0.01990445167541	0.02687520931874	-0.1219888941919	-0.3267141518764	0.5155989087169
-0.0001094823711716	-0.0005548805210523	-0.001248645657286	-0.001540252819089	0.01233604916722	0.3260069859444	0.0002409224922349	0.004113482371435	0.100797061602	-8.024907409292e-6	-0.004680484340789	0.01986290169809	-0.008459890892927	0.01990294173762	0.02683528751068	-0.1215066154979	-0.3294726968039	0.5170985032967
-0.0002215839279118	-0.0002636351866875	0.001025484511195	-0.003857375229507	0.002247913611735	0.3148576127127	0.0002899813285723	0.005563109550242	0.1128653522834	0.0001218526078845	-0.002188288746358	0.01279334460932	-0.007451013331956	0.02078364703004	-0.008199649756254	0.1874187508367	-0.836538104687	0.539960289718
-0.0001558651736937	-0.0003670707737563	-0.001721471118997	-0.00247832546233	0.01135556726363	0.3227995544456	0.0002390839949254	0.004330829371005	0.1045917483133	0.00007784051037897	-0.002233116241578	0.01027853727353	-0.008065221085739	0.02019143462847	0.03961696623694	-0.2321500403652	0.1081341472851	0.5721620246384
-0.0001558832130467	-0.0003665835370102	-0.001717718347419	-0.002479945401399	0.0113311661993	0.3228803414739	0.0002390009619108	0.004330261458665	0.1045938914119	0.00007798666544804	-0.002232708937025	0.01028916175454	-0.008066105735541	0.0201883808927	0.03960215652961	-0.2319231382668	0.1116901764612	0.5728611744047
-0.000155720843192	-0.000366904576602	-0.001718903968233	-0.002479141499793	0.01133655190237	0.3227969869673	0.0002388959417283	0.004331353705459	0.1046004357148	0.00007810828968451	-0.002234288068644	0.01029264004233	-0.00806484995767	0.02019140394863	0.03957831812724	-0.231853018723	0.1122578176128	0.5726881144746
-0.0001551693680478	-0.0003666321118558	-0.001715492951535	-0.002480454249721	0.01130811237535	0.3227967370935	0.0002382947631085	0.004331400496031	0.1046433608897	0.00007830029234944	-0.002232100542115	0.01029313431259	-0.008067062047175	0.02019063724017	0.03958795121882	-0.2318883672397	0.1171658062647	0.5734522725123
-0.0001554578453968	-0.0003674771457697	-0.001714908624667	-0.002469914396055	0.01131076208435	0.3227715620212	0.0002387922535338	0.004323924117358	0.1045850872476	0.00007809392386112	-0.00224767988848	0.01036539563275	-0.008077484301653	0.0201967691171	0.03940188260181	-0.2303255515294	0.1120063790785	0.5740310908011
-0.0001549573917341	-0.0003681981110016	-0.001714978455901	-0.002464882175966	0.01131750794924	0.3228121881905	0.0002384723089667	0.004321577844855	0.1046136790001	0.00007786092758872	-0.00225600193333	0.0103962451215	-0.008081621963185	0.02019122988393	0.03930807366742	-0.2296823503417	0.1098776795841	0.5741703197787
-0.0001561789945197	-0.000367675848616	-0.001712086054405	-0.002469345381794	0.01131338285765	0.3228859551618	0.0002395845900355	0.004324656753961	0.1045397355176	0.00007799206593796	-0.002251396184783	0.01038377937252	-0.00807455804379	0.02018818527974	0.03935424177178	-0.2298586234982	0.1146673388194	0.5741607029026
-0.0001557169078414	-0.0003687497104114	-0.001717178442622	-0.002469773383393	0.01133481347365	0.3228199527151	0.0002393848774521	0.004328827680242	0.1045855350663	0.0000778186932314	-0.002263262933325	0.01043146302261	-0.008079704056241	0.0201882748502	0.03922433924682	-0.2288968389826	0.1117498002374	0.5731745072787
-0.0001562516217885	-0.0003677401117566	-0.001711970292564	-0.002477111236816	0.01129818446062	0.3228482817929	0.0002396157831729	0.004333208984379	0.1045616201687	0.00007834709906193	-0.002250036781474	0.01039219148769	-0.008072571551053	0.02018603389665	0.03932889289901	-0.2297240566349	0.1195392504949	0.5739536399138
-0.0001556685713274	-0.0003692555382335	-0.001711790982902	-0.002463997517871	0.0113066220576	0.322808634838	0.000239459065403	0.004325903801211	0.1045606227258	0.00007814380440205	-0.002274994808904	0.010503037437	-0.008085209502567	0.02018646169362	0.03904159357693	-0.2273964185019	0.1150501524495	0.5745716851973