2.811031e-6	0.00001830303	-0.0001028698	-0.000219215	0.002597649	-0.0002220762	4.967659e-12	0.001407991	0.4281317	-0.0000118394	0.00006581329	-0.002435532	4.979813	4.935202	0.005797905	1.514691	4.662087	1.847171	0.01978341
-2.833911e-6	0.00001815481	-0.0001014976	0.0002192147	-0.002596735	0.0002268527	6.46263e-12	0.001407216	0.4280014	0.0000117428	-0.00006438039	-0.002433251	1.827455	4.925064	0.005806851	1.515591	4.686157	1.8382	0.02238732
-2.867533e-6	0.00001799319	0.00009912184	0.000219042	0.00259611	0.0002299854	9.800945e-12	0.001416622	0.428043	0.00001170317	0.00006206497	0.002432866	1.872849	4.970204	0.005805587	1.514338	4.637291	1.890034	0.02725809
2.88511e-6	-0.00001793192	0.00009819978	-0.0002189868	0.0025947	-0.0002367852	1.11687e-11	0.001406126	0.4280576	-0.00001163676	0.00006107243	0.002430514	4.968643	1.783131	0.005811273	1.515454	4.689897	4.98473	0.02892021
2.662295e-6	-0.00002150587	-0.0001106027	-0.0002254151	-0.002578415	-0.0002231171	2.246568e-12	0.001346924	0.4280261	-0.00001405249	-0.00007432796	-0.002452467	1.581589	4.66344	0.005806808	1.503825	1.519539	1.581637	0.01405173
-2.731152e-6	9.708162e-6	0.0001362304	0.0002206125	-0.002373215	-0.004080579	9.836436e-12	0.001145513	0.4319297	7.021238e-6	0.00009749552	-0.002531937	6.28187	3.198936	0.00251595	1.398527	6.219143	0.03931344	0.02841865
2.660654e-6	0.00001291074	-0.0001383886	0.0002273388	0.002395851	-0.003848199	2.115131e-12	0.001144509	0.4320015	8.865488e-6	-0.00009991306	0.002569374	6.180712	3.081596	0.002902808	1.384449	5.779814	6.186856	0.01328012
-1.327637e-6	0.00007050201	-0.001589241	-0.0001170399	0.001540678	0.0003990288	4.173279e-8	0.001380144	0.4281077	0.00005687571	-0.00159253	0.001783901	4.819976	1.658113	0.006704375	1.248539	1.762988	4.798287	2.999937
2.723382e-6	5.362073e-6	0.0001110518	-0.0002099289	0.002325068	-0.0008161716	1.954713e-12	0.00135255	0.428036	-3.315563e-6	-0.00007191156	-0.002252396	1.572228	1.477096	0.006348057	1.543092	1.215426	4.713659	0.01288652
2.632414e-6	5.741349e-6	0.0001040888	-0.0002118374	0.002324574	-0.0008299129	1.117334e-11	0.001236322	0.4276208	-3.602996e-6	-0.0000647232	-0.002268479	2.187044	2.090697	0.006336284	1.533693	0.5164936	5.363357	0.03184875
-2.113477e-6	-0.00007456399	0.0009456479	-0.0002284001	0.001611405	-0.005224488	6.442992e-8	0.001380854	0.4282563	-0.0000496694	0.0009505945	0.001462224	4.754615	1.587075	0.003176462	1.518902	0.7181661	4.738646	2.999929
2.211003e-6	-0.00005852569	0.001430597	0.0001343228	-0.00197529	0.004249704	1.007557e-7	0.001327135	0.4294968	0.00004169519	-0.001439858	0.001730379	4.561719	4.580294	0.003168461	1.423629	4.332982	1.466972	2.999958
3.820331e-6	0.00002552174	0.0007564208	-0.00002080256	0.000126237	-0.001822333	4.690058e-7	0.001436945	0.4264582	0.00001021141	0.0007518316	0.0004091146	1.619892	4.724183	0.008546866	2.791188	1.536139	1.589215	2.999835
2.762735e-6	3.124676e-6	0.000157634	-0.000222406	0.002380107	-0.001191357	1.690197e-11	0.001151542	0.4270357	-2.699607e-6	-0.0001184119	-0.002449776	2.957631	2.870308	0.006037787	1.344323	5.232525	6.052748	0.03691682
-1.795546e-6	-0.00007856901	-0.001163954	-0.0002453467	-0.002052017	-0.004085475	3.760229e-8	0.00135725	0.4290239	0.00005961844	0.001161158	0.001948847	4.770536	4.744465	0.003827448	1.33024	0.6382716	1.613822	2.637526
2.286866e-6	-0.00006895462	0.001678551	0.0001289444	-0.00189311	0.00405591	1.178261e-7	0.001341943	0.4256741	-0.00005048681	0.001687486	-0.001651997	4.542445	1.417367	0.00316619	1.388764	4.473345	4.592041	2.52474
-2.673306e-6	2.306994e-6	0.0001709039	0.0002283753	-0.002420024	0.002753254	1.730673e-11	0.00114609	0.4260194	-2.170247e-6	-0.0001310158	0.002464913	6.28242	6.192583	0.004993138	1.305712	4.503137	3.185477	0.03863456
1.3263e-6	0.00005190404	0.001286761	0.0001887232	0.002516147	-0.000606276	2.306874e-8	0.00137402	0.4306968	-0.00006876565	-0.001300211	-0.002319564	4.634239	4.611436	0.005968003	0.7605517	1.798513	1.4692	2.999064
1.028819e-6	-0.00005552358	0.001378188	0.0002290704	-0.002496382	-0.0009769916	2.022696e-8	0.001394405	0.4281289	-0.00007125296	0.001400791	-0.002336729	4.615722	1.456364	0.005657671	0.7857071	2.098198	4.591536	2.998632
1.793146e-6	-0.00009846853	-0.001829694	0.000244169	0.002096216	-0.0005345604	1.135426e-7	0.001299599	0.4278967	-0.00007316808	-0.001834261	0.00212293	1.696441	4.824831	0.004756761	1.355817	4.784958	1.663106	2.999964
-1.017243e-6	0.00002068379	0.00003887406	0.0002233474	-0.002485873	-0.003287016	3.365418e-10	0.001353645	0.4276843	0.00001467455	2.073394e-6	-0.002562836	4.710171	1.640979	0.003830358	1.402713	2.523456	4.714048	0.4544593
9.973924e-7	0.00002063811	-0.00003809715	-0.0002227666	-0.002490871	0.003205742	3.461868e-10	0.001353994	0.4271064	-0.00001464504	1.17165e-6	0.002561833	1.568503	1.642236	0.003962686	1.402407	2.566983	4.714004	0.4704653
-2.793852e-7	-0.00003017145	0.0002250709	0.0002464501	-0.002539081	0.0006243592	7.591222e-10	0.001356168	0.427392	0.00002026998	-0.0001877457	0.002371611	4.676818	4.678315	0.006012442	1.486461	2.714657	1.542209	2.99999
2.920235e-7	-0.00001905585	8.432776e-7	0.00023006	-0.002524951	0.0005615899	7.94249e-10	0.001352831	0.4278703	0.00001257675	0.00003589468	0.002338987	1.558893	1.561792	0.006071877	1.517036	5.694178	4.712138	2.999002
1.864812e-6	-0.00003272976	0.0007030329	-0.0001901184	0.001589622	0.004126481	3.905348e-8	0.00143039	0.4282982	0.00002045791	-0.0006914656	-0.001813471	4.793088	4.838295	0.005102482	1.576649	3.227247	1.623938	2.999984
-2.899648e-7	-0.00002260067	-7.953956e-6	0.0002144487	0.002623906	0.0001310472	8.016817e-10	0.001353637	0.4273805	0.0000152343	-0.00003204682	-0.002491364	1.561006	1.499243	0.005716572	1.484378	4.614627	4.713928	2.999711
4.211399e-6	0.00004074491	-0.000337036	0.0002494256	-0.002668989	-0.0001418022	3.075414e-9	0.001344527	0.427774	-0.00002795002	0.0003038206	0.002563675	4.722649	4.681786	0.005430444	1.467253	1.772056	1.578514	0.3292136
3.276733e-6	0.00006321733	0.001773754	6.766361e-6	0.0004760288	-0.001143492	1.93194e-7	0.001485898	0.4243466	-0.00004602857	-0.001762376	-0.0007438038	4.438348	4.424392	0.007487156	1.481605	5.170453	1.38607	1.282338
1.033613e-6	0.00005532933	0.001288326	0.0002385941	0.002525748	-0.0008419125	1.414743e-8	0.001374063	0.4297965	0.00006985672	0.001324704	0.00235775	1.647751	4.78028	0.005810119	0.7965565	5.262778	1.664641	2.999624
2.952895e-6	0.00003149037	0.0001429339	0.0002469409	0.002503504	-0.003529013	2.8418e-9	0.001368884	0.4276597	0.00002263477	0.0001786024	0.002637989	4.651741	1.546736	0.003124984	1.384991	1.075917	4.676177	0.4537748