-0.00002859734	-7.446093e-6	-8.236123e-6	-0.002095326	0.00583503	0.3297937	1.813404e-8	0.002175448	0.09658663	-0.00005432223	0.009940181	-0.0219337	0.008993075	-0.01974189	-0.02513436	0.09872009	-0.0001896519	0.9309533
-0.00002863205	7.487912e-6	8.246429e-6	-0.002095409	0.005903915	0.329729	1.811751e-8	0.002176435	0.09662669	0.0000536004	-0.009933438	-0.02192184	-0.008993409	0.01974511	0.02513687	-0.09877992	-0.0002725718	0.9250443
-0.00002863599	-7.519792e-6	8.275492e-6	-0.002097839	-0.005952223	0.3297041	1.805708e-8	0.002179359	0.09668854	-0.00005320144	-0.009926032	0.02191799	-0.00899225	0.01974529	0.02513297	-0.09880998	-0.0002776755	0.9205531
-0.00002902662	6.844218e-6	-7.547619e-6	-0.002094422	-0.005939392	0.3297463	1.827972e-8	0.00217464	0.09662161	0.00005332368	0.009930936	0.02190586	0.008992507	-0.01974397	-0.02514257	0.09883378	0.0005098294	0.9261741
-0.00002914984	-6.781631e-6	6.905764e-6	-0.002093585	-0.006051648	0.3297038	1.845544e-8	0.002174934	0.09666513	-0.00005215702	-0.00992604	0.02188382	-0.008990757	0.01974717	0.02514978	-0.09892554	0.0006227628	0.9255837
-0.00003052866	-6.679574e-6	-6.123518e-6	-0.002080861	0.007028779	0.3295493	1.881658e-8	0.002177019	0.09680387	-0.00004213353	0.009894975	-0.02174143	0.008974429	-0.01975539	-0.02518294	-0.09948086	0.001088882	0.8432306
-0.00003072669	5.203821e-6	-5.385076e-6	-0.002088673	-0.006690413	0.3295938	1.801128e-8	0.002176077	0.09675396	0.00004577312	0.009888548	0.02175832	0.008980216	-0.01975353	-0.02519065	-0.09943735	-0.0007818498	0.8588567
-0.00003106763	6.242388e-6	-5.559416e-6	-0.002076575	-0.007286547	0.3294575	1.866507e-8	0.002176111	0.09688107	0.00003958706	0.009882639	0.02168634	0.008970607	-0.01976078	-0.02519799	0.09970298	-0.001113711	0.8207953
-0.00003174087	-4.428703e-6	3.880874e-6	-0.002082065	-0.007197217	0.3294838	1.742337e-8	0.002176007	0.09688399	-0.00004073858	-0.009867822	0.02166225	-0.008970183	0.01975979	0.02521508	0.09981826	-0.0005329886	0.8117495
-0.0000324628	-4.553689e-6	4.289148e-6	-0.002070518	-0.007754857	0.329369	1.751392e-8	0.002174956	0.09697054	-0.00003504761	-0.009854754	0.02157016	-0.008959538	0.01976615	0.02523576	0.1001651	0.0008498327	0.7637757
-0.00003281441	-3.813933e-6	3.623183e-6	-0.002072126	-0.007770821	0.3293607	1.68249e-8	0.00217513	0.09698749	-0.00003507013	-0.009848251	0.02155347	-0.008958217	0.01976693	0.02524297	0.1002406	0.000372851	0.7520806
-0.00002589498	6.493241e-6	-6.650342e-6	-0.002066316	-0.007101997	0.3286298	1.367649e-8	0.002166946	0.09770887	0.00004233318	0.009954005	0.02173634	-0.008894478	0.01981285	0.02517188	0.09935421	0.0007936428	0.8366637
-0.00002771035	-4.059798e-6	-3.56299e-6	-0.00206169	0.00761642	0.3285313	1.293318e-8	0.00216618	0.0977722	-0.00003740665	0.009915143	-0.02159673	-0.008882479	0.01981834	0.02522242	0.09991225	-0.0004468478	0.7856267
-0.00001986539	3.826609e-6	4.318692e-6	-0.001996994	0.003812848	0.3317464	1.000103e-8	0.002104152	0.09460343	0.0001591692	0.01028024	0.02256289	-0.009008531	0.01962964	0.02491648	0.09576356	-0.0001074227	1.173042
-0.00001988799	3.850094e-6	4.33987e-6	-0.0019974	0.003832142	0.3317327	1.000011e-8	0.002105273	0.09461502	0.0001593136	0.01027449	0.02256777	0.009010402	-0.01962965	-0.02491344	0.09576065	0.00007253748	1.169602
-0.000166629	0.00005038022	-0.0001288641	-0.002735704	0.01146155	0.1845155	0.00003812926	0.00195375	0.2438245	0.000328493	-0.00575724	-0.00359312	0.0036635	-0.03536599	-0.03135927	-0.3174321	1.216513	2.337889
-0.0001678973	-0.00005265965	0.0001256	-0.002740474	0.01154339	0.1850044	0.00003916681	0.0019594	0.2432628	-0.0003281114	0.005773636	-0.003479645	-0.003668839	0.03526852	0.03133	0.3195255	1.227229	2.08972
-0.0001768722	-0.00005105904	-0.0001208121	-0.002794746	-0.01194412	0.1888588	0.00004017672	0.00203221	0.239473	-0.0003308122	-0.0054964	0.003139451	-0.003738419	0.0345538	0.03226746	0.3387136	1.282318	2.006894
-0.0001880481	0.00005731987	-0.0001365278	-0.002746669	0.01192102	0.1883987	0.00004835	0.001980552	0.2399855	0.0003343	-0.005608423	-0.002926626	0.003724034	-0.03463884	-0.03212011	0.3389589	-1.383078	1.992578
-0.0001861208	-0.00005891991	0.0001267214	-0.002776799	0.01204714	0.1896217	0.00004722658	0.002010463	0.2386501	-0.0003332657	0.005609842	-0.002883123	0.003753296	-0.03443055	-0.03202956	-0.3399918	1.359142	1.750176
-0.0001799787	-0.00006042473	-0.0001411189	-0.002712983	-0.01158847	0.1854742	0.00004779657	0.001922207	0.2428664	-0.0003335998	-0.005921947	0.003243608	-0.003681314	0.03517363	0.03103754	-0.3191993	-1.320369	1.934051
-0.0001897301	-0.00006145449	-0.0001304839	-0.002741392	-0.01210025	0.1895117	0.00005170694	0.001994011	0.2388809	-0.0003269628	-0.005571102	0.002678659	-0.003727379	0.03443993	0.03226534	-0.3469538	-1.434839	1.686297
-0.000186922	0.0001154124	0.0001599404	-0.001722418	-0.01079141	0.1671483	0.0002863526	0.003299562	0.2607291	0.0001436598	0.004145132	0.001090796	-0.003368147	0.0391596	-0.0007300404	0.5209759	4.999992	1.223427
-0.0001862887	-0.0001154479	-0.0001600254	-0.00171516	-0.01077993	0.1670027	0.0002855656	0.003290818	0.260906	-0.000143439	-0.004142168	0.001093742	-0.003360852	0.03919351	-0.000728919	-0.5211303	-4.999953	1.228305
-0.0001872817	-0.0001151894	-0.0001601658	-0.00172804	-0.01080411	0.1672848	0.0002868159	0.003305828	0.2605336	-0.0001437794	-0.004145711	0.00108734	0.00337211	-0.03912952	0.0007209455	-0.5209502	4.999938	1.219223
-0.000190064	0.0001163502	0.0001565635	-0.001741969	-0.0108326	0.167564	0.000284167	0.00331761	0.2603573	0.000144071	0.00412232	0.001088932	0.003367993	-0.03905457	0.0007990528	0.5232572	-4.999984	1.216356
-0.0001900248	0.0001163364	-0.0001570287	-0.001741961	0.01084089	0.1676018	0.0002841254	0.003318009	0.2603597	0.0001440791	-0.004121943	-0.001089107	0.003364175	-0.03904815	0.0008075189	-0.5231888	4.999963	1.215664
-0.0001900659	0.0001163738	0.0001565981	-0.001742163	-0.01083451	0.1675826	0.000284163	0.00331804	0.260336	0.0001440829	0.004122071	0.001088888	-0.003366923	0.03905202	-0.0008006283	-0.5232934	-4.999836	1.215996
-0.0001886774	0.0001155585	-0.0001615938	-0.001732139	0.01081924	0.1673982	0.0002886654	0.003316513	0.2606146	0.0001443444	-0.004159448	-0.001091189	-0.003368531	0.03909744	-0.0006947492	-0.5190831	-4.999808	1.215663
-0.000189676	0.0001165577	-0.0001472445	-0.001766687	0.01049554	0.1639591	0.0002889783	0.00331892	0.2641251	0.000139137	-0.004222135	-0.0011037	0.003301867	-0.03990562	0.0002850261	-0.5120886	4.999796	1.210936
-0.0001898895	0.0001165796	-0.0001471839	-0.001768853	0.01049551	0.1640071	0.0002893491	0.00332198	0.2640496	0.0001392742	-0.004225749	-0.001103579	-0.003304647	0.03988897	-0.0002810746	-0.5117311	-4.997374	1.209464
-0.0001919354	0.0001163643	0.0001577678	-0.001753085	-0.01086217	0.1678352	0.0002866423	0.003335399	0.2601943	0.0001449071	0.004137063	0.001087134	-0.003366839	0.03899411	-0.0007857028	-0.521357	-4.999974	1.208569
-0.0001891462	0.0001162835	-0.0001513379	-0.001756875	0.01047924	0.1637963	0.0002891959	0.00331427	0.264322	0.0001394036	-0.004257195	-0.001120482	0.003305915	-0.03994347	0.0001769952	-0.5079286	4.964315	1.211839
-0.0001869457	-0.0001160036	0.0001516914	-0.001739892	0.0104428	0.1634327	0.0002866282	0.003291012	0.2646191	-0.0001386891	0.004253148	-0.0011278	0.003301506	-0.04003963	0.0001781832	0.508401	-4.953039	1.221956
-0.0001892019	-0.0001161569	-0.0001535599	-0.001755142	-0.01047881	0.1638035	0.0002894324	0.003314077	0.2642496	-0.0001394038	-0.00426578	0.001125567	0.003308471	-0.03993984	0.000139828	0.5068657	-4.955414	1.210549
-0.0001749715	-0.00004738189	-0.000129643	-0.002829084	-0.01173677	0.1869586	0.00004026071	0.002060275	0.2414416	-0.000330142	-0.005351078	0.003269342	-0.003702763	0.03489847	0.03254753	0.3411656	1.327221	2.992405
-0.0001892995	-0.0001158098	0.0001581961	-0.001751156	0.01047724	0.1638406	0.000290299	0.003315989	0.2641884	-0.0001397215	0.004298177	-0.00113875	0.003314263	-0.0399317	0.0000355761	0.5031742	-4.924581	1.20713
-0.0001900613	-0.0001171142	-0.000148912	-0.001758617	-0.01048571	0.1638835	0.0002847021	0.003312342	0.2642566	-0.0001393636	-0.004242749	0.001130828	0.003303159	-0.03992451	0.0001991606	0.5091156	-4.94022	1.213238
-0.0001902772	-0.0001170286	-0.0001489732	-0.001760562	-0.01048895	0.1639152	0.0002850023	0.003314326	0.2642226	-0.0001394527	-0.004243763	0.001129614	-0.003304348	0.03991233	-0.0002065624	0.5090037	4.941045	1.212346
-0.000190222	0.0001168291	0.0001520005	-0.00175555	-0.01048194	0.1638394	0.0002853706	0.003312666	0.2642129	0.0001396032	0.004263692	0.001139376	0.00330738	-0.03993414	0.0001398821	0.5066461	-4.921588	1.211891
-0.0001875494	-0.0001168486	-0.0001524124	-0.001730659	-0.01042376	0.1632673	0.0002823965	0.003283283	0.2647992	-0.0001388376	-0.004269309	0.001155305	-0.003302313	0.0400782	-0.00008886887	-0.5059381	-4.900339	1.22639
-0.0001902455	0.0001169169	0.0001546068	-0.001751562	-0.0104785	0.1638162	0.0002857117	0.003312712	0.2641924	0.0001397032	0.004280218	0.00114887	-0.003308624	0.03993847	-0.0000780481	0.5046526	4.905409	1.210727
-0.0001866315	0.000116827	0.0001531126	-0.001719198	-0.01039958	0.1629949	0.0002815198	0.003271241	0.2651295	0.0001386933	0.004278204	0.00116421	-0.003297826	0.04014777	-0.00006461298	-0.5047823	-4.888424	1.233091
-0.0001902925	0.0001163914	0.0001666237	-0.001721723	-0.01080518	0.1672899	0.0002841601	0.003296676	0.2606553	0.0001436295	0.004125794	0.001159481	0.003365579	-0.03912352	0.0007610195	-0.5209043	4.997971	1.230832
-0.0001904995	-0.000116121	0.0001603908	-0.001753263	0.01049194	0.1639563	0.0002898459	0.003305006	0.2641771	-0.0001387275	0.004231856	-0.00117581	-0.003302714	0.03990566	-0.0002567032	-0.5090606	-4.9933	1.218178
-0.0001906274	0.0001161107	-0.0001586495	-0.001758555	0.01049968	0.1640773	0.0002898663	0.003309455	0.2640965	0.0001387688	-0.004225429	-0.001169505	0.003304418	-0.03987625	0.000275069	0.509924	-4.99924	1.216072
-0.0001841238	0.00006086965	-0.0001421448	-0.002707758	0.01162633	0.1851872	0.00005004624	0.001937131	0.2432438	0.000322812	-0.005746009	-0.00304169	0.003656212	-0.03522892	-0.03150181	0.3312369	-1.394946	1.931092
-0.0001862644	-0.0001157145	0.0001658961	-0.001707427	0.01039124	0.1629446	0.0002860148	0.003258895	0.2651422	-0.0001379451	0.004280039	-0.001216668	0.003301055	-0.04016336	0.00004579529	0.503254	-4.92312	1.239501
-0.0001910418	0.0001167368	0.0001603927	-0.0017467	-0.01048162	0.1638642	0.0002854457	0.003298128	0.2642698	0.0001388838	0.004241225	0.001197788	0.003300843	-0.03992731	0.0001989213	0.5073568	-4.945428	1.221845
-0.0001947533	-0.0001157343	-0.0001738153	-0.001750452	-0.01088404	0.1680642	0.0002914112	0.00335274	0.2599444	-0.0001459791	-0.004217178	0.001122809	-0.003387267	0.0389246	-0.0005023587	-0.5115462	-4.941175	1.194215
-0.0001903821	-0.0001150774	0.0001716906	-0.001735671	0.01046637	0.1637581	0.0002930185	0.003314217	0.2642052	-0.0001401789	0.004373289	-0.001175463	0.003323819	-0.03994315	-0.0002147261	-0.4945662	4.863575	1.202458
-0.000190831	-0.0001156781	-0.0001724202	-0.001736857	-0.01047203	0.1638098	0.0002921799	0.003306449	0.2642048	-0.0001395569	-0.004321694	0.001217984	0.003315803	-0.03994151	-0.00005058369	-0.4986067	4.910771	1.212703
-0.0001922329	-0.0001158855	0.0001750558	-0.001732332	0.01048097	0.1638542	0.0002905689	0.00331873	0.2641267	-0.000140737	0.004405958	-0.001204507	0.003323683	-0.03992487	-0.0003176309	0.4903991	-4.805259	1.198161
-0.0001530612	0.00003850394	0.0001033077	-0.002861836	-0.01145068	0.1846708	0.00002727275	0.002092751	0.2436731	0.000315325	0.005381916	0.00392717	0.003666384	-0.0353237	-0.03195077	-0.3224829	1.097426	2.999319
-0.0001712787	0.000043593	0.0001153307	-0.002914684	-0.01179774	0.1879158	0.00003472877	0.002140562	0.240635	0.0003267445	0.005221417	0.003397638	-0.003734598	0.03470281	0.03262051	0.3431864	1.257076	2.999998
-0.0001965273	-0.00007104563	0.0001520453	-0.002721821	0.01175744	0.1870746	0.00006030797	0.001915684	0.2412593	-0.0003403739	0.006107126	-0.002887058	0.003725393	-0.03484759	-0.03061543	0.3192706	-1.429749	1.661156
0.0001464157	-0.00006432174	0.00005582964	-0.006170977	-0.008596802	-0.1162482	0.00003794008	0.004917451	0.541692	-0.0001078547	-0.01066639	-0.003100672	0.006856948	-0.01668726	0.00783232	-0.2120757	1.361816	0.5451652
-0.00001988542	-4.793108e-7	4.283326e-7	-0.002596629	-0.000539935	0.3001552	1.050683e-8	0.002611574	0.1259219	-0.0001139103	-0.009975792	0.02233122	-0.005235129	0.02179964	0.02621685	-0.09221531	-0.001125703	2.434597
-0.00002041471	-6.244753e-7	6.525378e-7	-0.002584777	-0.000712585	0.3002515	1.08896e-8	0.002599788	0.1258368	-0.0001127561	-0.009995828	0.0223296	-0.005234207	0.0217987	0.02622045	0.09219805	0.001132704	2.098021
-0.00002035298	6.462822e-7	6.753977e-7	-0.002580134	0.0007476747	0.299963	1.07924e-8	0.002595424	0.1256847	0.0001121052	-0.009986114	-0.02230552	0.005238006	-0.02182451	-0.02625157	-0.09229415	0.001123768	2.050543
-0.00002326531	-4.508514e-7	3.990693e-7	-0.002462161	-0.0003836602	0.3007696	1.462704e-8	0.002491378	0.1248667	-0.0001161025	-0.0102119	0.0224555	0.005203968	-0.02177026	-0.02618788	-0.09138996	-0.001045548	2.933354
-0.00002360643	-4.714018e-7	-4.199049e-7	-0.002413286	0.0003724136	0.3009385	1.540091e-8	0.002443522	0.1246741	-0.0001160796	0.01030929	-0.02241475	-0.005199429	0.02175715	0.0261923	0.09139206	-0.001058814	2.99862
0.0001107935	-4.49618e-6	0.00001860988	-0.002433371	0.01087081	0.1670308	6.844225e-6	0.004068036	0.2608244	0.0001981213	-0.004441504	0.003971641	-0.003306531	0.03921228	-0.00137422	0.3683852	-0.7161778	2.997218
-0.0001051616	0.00001195595	0.00002315449	-0.003484872	-0.01235503	0.1913953	6.678858e-6	0.002876972	0.2377932	0.0002558156	0.003811724	0.0034121	0.003680726	-0.03398974	-0.03720191	-0.4122631	0.7412655	2.999278
0.0003482945	0.0002067776	-0.001189196	0.01481293	-0.08121879	0.1800447	0.00008534362	0.002272805	0.2312669	-0.000100492	0.003728701	-0.001396721	0.01593411	0.01055857	0.05023436	-0.5227086	4.967622	0.9405374
0.0003595776	-0.0002382352	-0.001483673	0.01407079	0.07894792	0.1797836	0.00009358874	0.002167306	0.231649	0.000104238	0.0039912	0.001680916	-0.01593221	-0.01050149	-0.04725497	-0.4859751	-4.844932	0.9829214
-0.00009623668	-0.00001049788	-0.00001940431	-0.003472748	-0.01205104	0.1871397	5.721659e-6	0.002877678	0.2420124	-0.0002421036	-0.003846203	0.003481106	0.003546669	-0.03478974	-0.03718861	-0.406526	0.6945041	2.999581
0.0003541612	0.0002775395	0.001751147	0.01211693	0.07328945	0.1865934	0.00011632	0.001947184	0.2268499	-0.00008597466	-0.004203602	0.001661801	-0.01626594	-0.01030307	-0.04600662	0.4784178	4.999976	1.095944